-0.0064135,-0.05798
-0.0022237,-0.057336
-0.010281,-0.056047
-0.010281,-0.050568
0.00067691,-0.051212
0.0068005,-0.049923
-0.00028997,-0.055724
-0.0035129,-0.052824
-0.0073804,-0.05508
-0.014149,-0.052501
-0.0099588,-0.058625
0.002933,-0.048312
0.0068005,-0.051857
0.0087342,-0.052179
0.0038998,-0.053468
-0.0064135,-0.057336
0.0055113,-0.053791
0.011635,-0.053468
0.0068005,-0.050568
0.0022884,-0.050245
0.0055113,-0.056369
0.0026107,-0.055402
0.0042221,-0.05798
0.016792,-0.058625
0.029361,-0.051212
0.024204,-0.05508
0.013891,-0.052501
0.0071228,-0.050568
0.0055113,-0.049601
0.011635,-0.051535
0.012602,-0.054113
0.0058336,-0.058303
-0.0048021,-0.053146
-0.012215,-0.051535
-0.019305,-0.051535
-0.032197,-0.055724
-0.023173,-0.049923
-0.014793,-0.054757
-0.01157,-0.054435
-0.0048021,-0.053791
-0.0022237,-0.050245
3.2327e-05,-0.05089
-0.00061226,-0.048312
-0.010281,-0.056047
-0.011893,-0.055402
0.005189,-0.05927
0.0048667,-0.057658
-0.0035129,-0.051535
-0.0054467,-0.052501
-0.0038352,-0.056691
-0.012215,-0.054113
-0.011248,-0.054113
0.0022884,-0.057336
0.0045444,-0.054757
0.005189,-0.052824
-0.0099588,-0.055402
-0.0012568,-0.05089
0.0084119,-0.057336
0.013891,-0.054435
0.010023,-0.060236
0.0055113,-0.053468
0.0022884,-0.059592
0.0061559,-0.049923
0.0097011,-0.05508
0.020014,-0.054435
0.034195,-0.058947
0.017758,-0.056369
0.0093788,-0.056691
0.0090565,-0.057014
0.0087342,-0.057014
0.0093788,-0.048956
0.0074451,-0.055724
0.0016438,-0.045411
-0.0077027,-0.061526
-0.014793,-0.056691
-0.028329,-0.05927
-0.022206,-0.051212
-0.01157,-0.060881
-0.010603,-0.048312
-0.0086696,-0.053468
-0.0044798,-0.050568
-0.0015791,-0.058947
-0.0064135,-0.049923
-0.0093142,-0.055402
-0.015438,-0.051535
-0.00093455,-0.058625
-0.0051244,-0.052179
-0.0031906,-0.056691
-0.0038352,-0.051857
-0.0048021,-0.055402
-0.0019014,-0.052179
-0.0067358,-0.054757
-0.0051244,-0.049601
0.002933,-0.054757
0.0077674,-0.054113
-0.0035129,-0.060881
-0.0041575,-0.053791
0.0048667,-0.057336
0.0097011,-0.052179
0.0074451,-0.056369
0.0061559,-0.050245
0.0038998,-0.056691
0.0061559,-0.049278
0.011635,-0.057014
0.013891,-0.05089
0.032584,-0.05798
0.023882,-0.055724
0.0048667,-0.052824
0.00067691,-0.047667
0.0035775,-0.056047
0.0038998,-0.054757
0.0090565,-0.059592
0.013246,-0.052179
0.01099,-0.057658
-0.0031906,-0.048312
-0.021239,-0.053468
-0.026396,-0.047022
-0.020272,-0.055402
-0.011248,-0.05089
-0.0070581,-0.058947
-0.0096365,-0.055402
-0.0077027,-0.05508
-0.0035129,-0.05089
-0.00028997,-0.056047
-0.00093455,-0.050245
-0.00061226,-0.053146
-0.0041575,-0.052501
-0.0077027,-0.057014
-0.0060912,-0.049923
-0.0077027,-0.059914
-0.0073804,-0.048956
-0.0019014,-0.051212
-0.0060912,-0.050568
-0.0093142,-0.060881
-0.0019014,-0.053146
0.0032553,-0.058303
-0.0070581,-0.051212
-0.00061226,-0.052179
0.010668,-0.053468
0.010346,-0.053791
0.0077674,-0.049923
0.0090565,-0.054757
0.002933,-0.053468
0.00035462,-0.052501
0.0048667,-0.052824
0.020981,-0.051535
0.036129,-0.049601
0.023882,-0.054757
0.0061559,-0.052824
0.0026107,-0.057658
0.0097011,-0.050568
0.0074451,-0.053791
0.0074451,-0.049601
0.010346,-0.054113
0.0035775,-0.055724
-0.0073804,-0.051857
-0.032519,-0.053468
-0.020917,-0.053791
-0.016082,-0.05508
-0.013504,-0.051857
-0.013826,-0.047989
-0.0096365,-0.054435
-0.0041575,-0.051857
-0.0057689,-0.056369
-0.0031906,-0.055724
3.2327e-05,-0.057014
0.0035775,-0.048956
-0.0070581,-0.049278
-0.0083473,-0.050568
-0.00028997,-0.054435
-0.0012568,-0.055402
-0.0051244,-0.056369
-0.0057689,-0.054435
-0.011893,-0.054435
-0.0083473,-0.051212
0.0032553,-0.054113
-0.010603,-0.051535
-0.0019014,-0.05508
0.0074451,-0.056691
0.013569,-0.056047
0.01099,-0.05798
0.0077674,-0.054435
0.0064782,-0.055724
0.0074451,-0.053468
0.0061559,-0.054113
0.0032553,-0.056047
0.025493,-0.055724
0.02646,-0.05089
0.019048,-0.05089
0.0058336,-0.048956
0.005189,-0.055402
0.0090565,-0.051535
0.0058336,-0.051857
0.011635,-0.051212
0.0058336,-0.055724
-0.0012568,-0.051535
-0.021239,-0.053791
-0.023495,-0.053146
-0.016727,-0.057658
-0.016727,-0.052824
-0.013182,-0.060236
-0.010603,-0.054757
-0.010603,-0.056369
-0.0064135,-0.051212
-0.0035129,-0.052824
0.0013215,-0.052501
0.0097011,-0.05798
-0.0041575,-0.052179
-0.011248,-0.054435
-0.0073804,-0.051212
-0.0064135,-0.054113
-0.010603,-0.050568
-0.0057689,-0.057336
-0.0012568,-0.055402
-0.0054467,-0.060881
-0.0064135,-0.055402
-0.008025,-0.057658
-0.0070581,-0.049601
-0.00061226,-0.052179
0.0087342,-0.050245
0.012602,-0.053791
0.0087342,-0.053146
0.0058336,-0.060881
0.0055113,-0.052501
0.0080897,-0.056691
0.0068005,-0.049601
0.022593,-0.057336
0.024204,-0.05089
0.021626,-0.054435
0.016469,-0.050245
0.0055113,-0.056369
0.0074451,-0.05508
0.0090565,-0.052501
0.0042221,-0.046378
0.0093788,-0.053791
0.01099,-0.053146
-0.0057689,-0.059914
-0.024784,-0.051857
-0.025107,-0.060236
-0.017694,-0.053146
-0.013182,-0.053468
-0.0054467,-0.053468
-0.011248,-0.056369
-0.01157,-0.054757
-0.0038352,-0.060236
-0.0051244,-0.052501
0.0061559,-0.05798
0.0097011,-0.052824
-0.0054467,-0.049923
-0.011893,-0.047022
-0.011248,-0.053146
-0.0067358,-0.056047
-0.0031906,-0.055724
3.2327e-05,-0.054757
-0.0067358,-0.05798
-0.014149,-0.052501
-0.008025,-0.052179
-0.010281,-0.054435
0.0013215,-0.057014
0.011313,-0.054113
0.015502,-0.058625
0.012279,-0.048312
0.0080897,-0.052501
0.0084119,-0.050568
0.0026107,-0.052501
0.0019661,-0.05508
0.011957,-0.057658
0.015502,-0.054435
0.021304,-0.053146
0.019048,-0.048312
0.01518,-0.050568
0.0077674,-0.048312
0.005189,-0.058303
0.0061559,-0.052824
0.0013215,-0.054435
0.011635,-0.050568
0.013891,-0.055402
-0.013182,-0.050568
-0.014793,-0.054757
-0.015115,-0.05508
-0.016405,-0.061526
-0.018338,-0.052501
-0.010603,-0.058947
-0.0086696,-0.052179
-0.0096365,-0.05798
-0.0019014,-0.05508
-0.002546,-0.052501
0.010668,-0.056691
0.0042221,-0.05927
-0.010926,-0.051857
-0.016082,-0.051535
-0.008025,-0.048312
-0.00061226,-0.052824
-0.0041575,-0.053791
-0.0048021,-0.058625
-0.008025,-0.05798
-0.014149,-0.060881
-0.023817,-0.050245
-0.0060912,-0.057658
0.0064782,-0.051212
0.011957,-0.054113
0.015502,-0.053468
0.013246,-0.055402
0.0093788,-0.053791
0.0032553,-0.056369
0.0019661,-0.049601
0.0022884,-0.051857
0.017114,-0.049601
0.010023,-0.049278
0.01518,-0.051535
0.015825,-0.058303
0.011313,-0.054113
0.0077674,-0.052501
0.0077674,-0.053146
0.0090565,-0.050568
0.0058336,-0.049601
0.011957,-0.053146
-0.0022237,-0.054113
-0.0093142,-0.059914
-0.012859,-0.05798
-0.018338,-0.053468
-0.015115,-0.056369
-0.015438,-0.052824
-0.0093142,-0.05798
-0.010281,-0.058947
-0.0096365,-0.059914
-0.0035129,-0.056691
0.01099,-0.053791
0.005189,-0.05089
-0.0022237,-0.049923
-0.0099588,-0.053468
-0.013826,-0.056047
-0.0060912,-0.056369
-0.002546,-0.053146
-0.0028683,-0.056047
-0.0015791,-0.052824
-0.00093455,-0.051857
-0.017049,-0.055724
-0.016727,-0.054435
-0.0012568,-0.059914
0.0045444,-0.053468
0.0058336,-0.053146
0.0061559,-0.051535
0.0097011,-0.050568
0.011635,-0.05089
0.01099,-0.05508
0.0077674,-0.052824
0.018403,-0.054435
0.012602,-0.048956
0.0042221,-0.051212
0.014536,-0.050568
0.022271,-0.057336
0.016147,-0.056691
0.0084119,-0.055724
0.0055113,-0.052824
0.0080897,-0.056369
0.0058336,-0.053791
0.0035775,-0.052501
-0.0015791,-0.049601
-0.0051244,-0.058625
-0.011248,-0.056369
-0.013504,-0.05927
-0.014793,-0.05508
-0.016082,-0.053146
-0.012537,-0.051535
-0.0086696,-0.056369
-0.0086696,-0.054757
3.2327e-05,-0.056369
0.0022884,-0.055402
3.2327e-05,-0.054757
-0.0060912,-0.053146
-0.012859,-0.059592
-0.012859,-0.052179
-0.0054467,-0.057658
-0.0041575,-0.049601
-0.0083473,-0.059914
-0.0086696,-0.052179
-0.0089919,-0.05508
-0.020917,-0.050568
-0.010926,-0.056369
0.0038998,-0.048634
0.010023,-0.051857
0.0071228,-0.052501
0.0093788,-0.059914
0.0084119,-0.05089
0.0077674,-0.053468
0.0068005,-0.049601
0.015825,-0.053791
0.020337,-0.047989
0.0097011,-0.057014
0.0068005,-0.051857
0.014536,-0.06217
0.016147,-0.053146
0.016792,-0.054435
0.0061559,-0.050568
0.0093788,-0.052501
0.0064782,-0.05508
-0.00061226,-0.060236
-0.008025,-0.057658
0.0013215,-0.054113
-0.002546,-0.053791
-0.008025,-0.05508
-0.011248,-0.048634
-0.014793,-0.056369
-0.010603,-0.054435
-0.010603,-0.05927
-0.0096365,-0.052179
-0.0096365,-0.056691
0.0071228,-0.048956
0.0026107,-0.054435
-0.0022237,-0.051212
-0.0041575,-0.058947
-0.010926,-0.052179
-0.0093142,-0.054757
-0.0070581,-0.052824
-0.0060912,-0.05798
-0.0073804,-0.047989
-0.0060912,-0.054757
-0.024784,-0.052501
-0.026073,-0.055724
-0.0077027,-0.056047
0.0064782,-0.054113
0.010668,-0.05089
0.011313,-0.051212
0.015502,-0.049923
0.013569,-0.054757
0.0084119,-0.056047
0.0074451,-0.058947
0.01937,-0.054113
0.0077674,-0.054435
0.0026107,-0.052179
0.002933,-0.056691
0.016469,-0.050568
0.018403,-0.054113
0.0093788,-0.054435
0.0071228,-0.054757
0.011313,-0.055402
0.011635,-0.053468
-0.0077027,-0.051535
-0.0015791,-0.053791
0.005189,-0.055724
-0.0022237,-0.054435
-0.0089919,-0.052179
-0.017049,-0.054435
-0.015438,-0.048312
-0.015115,-0.054435
-0.012537,-0.050245
-0.010281,-0.051857
0.011957,-0.054113
0.0084119,-0.054757
0.00099921,-0.05089
-0.0048021,-0.053146
-0.0073804,-0.045411
-0.013182,-0.051857
-0.014793,-0.053791
3.2327e-05,-0.052179
0.0013215,-0.054757
-0.0064135,-0.056691
-0.01576,-0.058947
-0.020594,-0.053791
-0.01576,-0.05508
-0.0028683,-0.051857
0.0061559,-0.057658
0.0064782,-0.058625
0.0055113,-0.056047
0.0068005,-0.054113
0.002933,-0.057658
0.0077674,-0.050245
0.022271,-0.054113
0.01937,-0.05798
0.0080897,-0.060881
0.005189,-0.051535
0.005189,-0.052179
0.018403,-0.050568
0.017436,-0.057014
0.011957,-0.054757
0.0048667,-0.052179
0.0061559,-0.053791
0.0042221,-0.054757
-0.0060912,-0.054757
0.0045444,-0.052179
0.0061559,-0.048956
-0.0054467,-0.050245
-0.014793,-0.053791
-0.016405,-0.060881
-0.015115,-0.055402
-0.010926,-0.055402
-0.002546,-0.054757
0.0019661,-0.054757
0.0016438,-0.047989
-0.0031906,-0.054435
-0.00093455,-0.05508
-0.0031906,-0.056369
-0.0099588,-0.056691
-0.014149,-0.054435
-0.015115,-0.049601
-0.0064135,-0.055402
-0.0028683,-0.051212
-0.002546,-0.052824
-0.018661,-0.052179
-0.016405,-0.056369
-0.012537,-0.051535
-0.0015791,-0.057014
0.010023,-0.050568
0.0055113,-0.054113
0.0048667,-0.053468
0.0077674,-0.059592
0.012924,-0.056047
0.01518,-0.056369
0.022915,-0.050568
0.011635,-0.056047
0.002933,-0.047022
0.0013215,-0.056369
0.0022884,-0.057014
0.019692,-0.056691
0.021626,-0.051535
0.01518,-0.057658
0.0097011,-0.053146
0.0077674,-0.05089
-0.0067358,-0.054435
-0.0031906,-0.058947
0.0071228,-0.057336
0.0093788,-0.056691
-0.0022237,-0.057014
-0.012859,-0.056369
-0.01576,-0.048956
-0.014149,-0.056369
-0.0099588,-0.047022
-0.0089919,-0.060881
0.002933,-0.056047
0.00035462,-0.05798
-0.0028683,-0.051212
-0.0057689,-0.05798
-0.002546,-0.052501
-0.0051244,-0.055724
-0.014149,-0.049278
-0.016405,-0.054435
-0.0099588,-0.052824
-0.0054467,-0.05927
-0.017049,-0.048956
-0.018016,-0.052501
-0.014149,-0.0467
-0.013504,-0.056691
0.00067691,-0.052824
0.0080897,-0.060881
0.0093788,-0.054435
0.0074451,-0.057658
0.010346,-0.047345
0.010023,-0.057336
0.025816,-0.049923
0.017436,-0.058625
0.0038998,-0.054757
0.005189,-0.05508
0.0032553,-0.054435
0.0035775,-0.058625
0.017758,-0.050568
0.018081,-0.054757
0.0087342,-0.051857
0.0042221,-0.061203
-0.002546,-0.050568
-0.002546,-0.061203
0.0026107,-0.053468
0.0080897,-0.056047
0.0064782,-0.048956
-0.0028683,-0.059592
-0.012215,-0.054435
-0.015115,-0.061848
-0.013182,-0.054757
-0.010281,-0.054113
0.0048667,-0.047345
0.0038998,-0.053468
-0.0051244,-0.048634
-0.0041575,-0.05798
-0.0031906,-0.056047
-0.0041575,-0.062493
-0.0096365,-0.051212
-0.017694,-0.051857
-0.013182,-0.047345
-0.0070581,-0.054435
-0.010281,-0.054435
-0.014471,-0.056691
-0.0073804,-0.052824
-0.0083473,-0.053468
-0.0083473,-0.051535
3.2327e-05,-0.054113
0.0090565,-0.052824
0.0087342,-0.056369
0.0074451,-0.05508
0.0074451,-0.055724
0.023237,-0.056691
0.020659,-0.059914
0.011313,-0.053468
0.0035775,-0.055402
0.0035775,-0.049278
0.0026107,-0.059592
0.0038998,-0.056047
0.015825,-0.056047
0.016469,-0.05089
0.0093788,-0.052179
0.0077674,-0.052501
-0.0057689,-0.05089
0.00035462,-0.055402
0.0038998,-0.062493
0.010023,-0.055724
0.0074451,-0.053468
-0.0067358,-0.054757
-0.012215,-0.054757
-0.013182,-0.054435
-0.012859,-0.05508
-0.0096365,-0.054435
0.0013215,-0.055402
-0.0057689,-0.053468
-0.0060912,-0.052179
-0.0012568,-0.051857
-0.0015791,-0.053468
-0.0015791,-0.053468
-0.010603,-0.052824
-0.014793,-0.051535
-0.014471,-0.054435
-0.0096365,-0.051857
-0.023495,-0.055402
-0.017694,-0.049601
-0.0051244,-0.050568
-0.0060912,-0.049923
-0.0093142,-0.055402
0.002933,-0.05508
0.010023,-0.060559
0.011635,-0.056691
0.0071228,-0.054435
0.0090565,-0.049601
0.021948,-0.056047
0.016147,-0.059592
0.0061559,-0.05798
0.005189,-0.057658
0.0048667,-0.052179
0.0045444,-0.056691
0.0042221,-0.053791
0.016469,-0.051535
0.018081,-0.052501
0.011635,-0.055402
-0.0070581,-0.058303
-0.00093455,-0.053791
0.0055113,-0.05508
0.0087342,-0.055724
0.01099,-0.051857
0.0064782,-0.054113
-0.0073804,-0.058625
-0.016082,-0.05927
-0.01576,-0.056691
-0.013504,-0.051857
0.0016438,-0.051857
0.0026107,-0.049601
-0.0041575,-0.052824
-0.0073804,-0.052501
-0.0070581,-0.055724
-0.00093455,-0.056369
-0.00028997,-0.053146
-0.010603,-0.049278
-0.012537,-0.049278
-0.010926,-0.052824
-0.011893,-0.051857
-0.012859,-0.061526
-0.0041575,-0.052501
-0.002546,-0.055724
-0.0089919,-0.048956
-0.012215,-0.054113
-0.0022237,-0.047022
0.005189,-0.05927
0.0061559,-0.056047
0.0080897,-0.057336
0.025171,-0.050568
0.018725,-0.053791
0.0093788,-0.054435
0.0064782,-0.054435
0.0048667,-0.053791
0.0035775,-0.055724
0.0022884,-0.056369
0.0074451,-0.058625
0.017758,-0.048956
0.019048,-0.052824
0.0038998,-0.048956
-0.0031906,-0.055724
0.0045444,-0.050245
0.0042221,-0.060236
0.0077674,-0.056047
0.012279,-0.05508
0.0038998,-0.047989
-0.0070581,-0.053146
-0.014471,-0.053146
-0.015438,-0.059592
-0.0073804,-0.052824
-0.002546,-0.061848
-0.0067358,-0.051535
-0.0083473,-0.051857
-0.0057689,-0.048312
-0.0067358,-0.057014
-0.0028683,-0.054113
-0.002546,-0.058625
-0.012215,-0.052824
-0.016405,-0.054113
-0.010926,-0.047022
-0.01576,-0.052824
-0.010926,-0.052501
-0.0054467,-0.054435
-0.0012568,-0.054113
-0.008025,-0.055724
-0.014149,-0.05508
0.00099921,-0.053468
0.0077674,-0.049601
0.0080897,-0.056691
0.01518,-0.047345
0.025493,-0.056691
0.013891,-0.049923
0.0093788,-0.057658
0.010023,-0.049601
0.0055113,-0.053146
0.0013215,-0.049923
0.0035775,-0.057014
0.0087342,-0.054435
0.01518,-0.056047
0.017758,-0.050568
-0.0044798,-0.055402
-0.0035129,-0.054435
0.0061559,-0.051212
0.0068005,-0.049278
0.0068005,-0.055724
0.011313,-0.049923
0.0074451,-0.058303
-0.0070581,-0.048956
-0.014793,-0.052824
-0.015438,-0.050568
0.00099921,-0.051535
-0.0038352,-0.050568
-0.0086696,-0.057336
-0.0083473,-0.056691
-0.0038352,-0.059592
-0.0012568,-0.054435
-0.0019014,-0.058303
-0.002546,-0.053146
-0.012859,-0.052501
-0.016727,-0.048312
-0.024784,-0.056691
-0.013182,-0.054757
-0.0057689,-0.058303
-0.0067358,-0.046378
-0.0041575,-0.052501
-0.0096365,-0.049278
-0.0099588,-0.059914
-0.0012568,-0.051857
0.0058336,-0.058303
0.0080897,-0.052179
0.024204,-0.051857
0.020981,-0.053791
0.013569,-0.050245
0.0097011,-0.048956
0.0084119,-0.055402
0.0042221,-0.051857
0.0019661,-0.058303
-0.0012568,-0.055402
0.0071228,-0.057658
0.020337,-0.0467
0.011313,-0.052824
-0.0038352,-0.051535
0.005189,-0.058947
0.0093788,-0.052824
0.0064782,-0.053468
0.005189,-0.048312
0.011957,-0.051535
0.002933,-0.053468
-0.0051244,-0.052179
-0.012859,-0.05089
-0.0022237,-0.054435
-0.0048021,-0.05508
-0.0083473,-0.054113
-0.011248,-0.054113
-0.012859,-0.053791
-0.0089919,-0.055724
0.00035462,-0.055402
0.0022884,-0.059914
-0.0041575,-0.058625
-0.0096365,-0.051212
-0.018338,-0.049601
-0.022206,-0.048312
-0.0073804,-0.052824
-0.0073804,-0.054113
-0.0070581,-0.05798
-0.0031906,-0.057336
-0.0099588,-0.057336
-0.008025,-0.052824
0.00099921,-0.052501
0.0032553,-0.049278
0.017436,-0.052824
0.019048,-0.053791
0.011635,-0.056369
0.0084119,-0.05927
0.0087342,-0.053791
0.0097011,-0.054435
0.0026107,-0.049923
0.00067691,-0.057336
-0.00061226,-0.056691
0.0080897,-0.05508
0.018081,-0.055724
0.0048667,-0.054113
0.005189,-0.05508
0.0061559,-0.052179
0.0074451,-0.052824
0.0026107,-0.05089
0.0045444,-0.052179
0.01099,-0.058625
0.0048667,-0.053468
-0.0028683,-0.058947
-0.010281,-0.051212
-0.00028997,-0.054435
-0.0086696,-0.051535
-0.010603,-0.057014
-0.011248,-0.055724
-0.012215,-0.057014
-0.0067358,-0.053468
-0.002546,-0.053468
-0.0019014,-0.050245
-0.0031906,-0.054757
-0.0086696,-0.058625
-0.026073,-0.058303
-0.017371,-0.056369
-0.0044798,-0.05798
-0.0054467,-0.049923
-0.0057689,-0.052824
-0.0028683,-0.054435
-0.0064135,-0.056691
-0.0064135,-0.052501
0.0019661,-0.05798
0.0097011,-0.055724
0.021626,-0.055724
0.012924,-0.052824
0.012279,-0.050568
0.01099,-0.052824
0.0093788,-0.056691
0.0055113,-0.054113
0.0022884,-0.058625
0.0016438,-0.05089
0.0019661,-0.05089
0.0087342,-0.051535
0.002933,-0.058625
0.0074451,-0.057014
0.0061559,-0.058947
0.010023,-0.053146
0.0087342,-0.058303
0.0074451,-0.051857
0.0080897,-0.056047
0.0055113,-0.05508
-0.0012568,-0.052501
-0.0093142,-0.057336
-0.0035129,-0.059592
-0.0070581,-0.05508
-0.010281,-0.052824
-0.010603,-0.052824
-0.010281,-0.056047
-0.0096365,-0.055402
-0.0015791,-0.060559
0.00099921,-0.054757
3.2327e-05,-0.052179
-0.0048021,-0.05089
-0.022206,-0.056369
-0.025751,-0.053468
-0.013504,-0.056691
-0.0054467,-0.053146
-0.0028683,-0.055402
-0.0057689,-0.053146
-0.0051244,-0.055724
-0.010281,-0.048634
-0.0054467,-0.052824
0.0042221,-0.049278
0.019692,-0.059592
0.016792,-0.055724
0.012924,-0.055402
0.0084119,-0.05089
0.0097011,-0.051212
0.0097011,-0.048312
0.0055113,-0.052179
0.0035775,-0.054435
0.002933,-0.058625
0.0016438,-0.049923
0.0090565,-0.057658
0.005189,-0.055724
0.012924,-0.059592
0.0084119,-0.051212
0.0061559,-0.052824
0.010668,-0.053146
0.0090565,-0.059592
0.0093788,-0.057014
0.012924,-0.058303
0.0026107,-0.049923
0.0045444,-0.051212
-0.0022237,-0.049278
-0.013182,-0.052179
-0.013504,-0.055402
-0.01157,-0.056047
-0.014149,-0.054435
-0.012859,-0.056369
-0.0070581,-0.051212
3.2327e-05,-0.056047
-0.0019014,-0.047022
-0.0044798,-0.05508
-0.028007,-0.058303
-0.022528,-0.058947
-0.0086696,-0.056047
-0.0038352,-0.056369
-0.0048021,-0.048634
-0.0060912,-0.052824
-0.0031906,-0.051857
-0.0041575,-0.056691
-0.0019014,-0.055402
0.0068005,-0.054113
0.018081,-0.054113
0.011635,-0.051857
0.0084119,-0.047022
0.01099,-0.057658
0.0074451,-0.053468
0.0087342,-0.057014
0.0042221,-0.051535
0.0013215,-0.056369
0.0026107,-0.047345
0.00067691,-0.050245
-0.0015791,-0.052824
0.0084119,-0.060881
0.017114,-0.053791
0.010346,-0.05927
0.0068005,-0.049278
0.012279,-0.056691
0.0055113,-0.050568
0.0074451,-0.056691
0.010023,-0.052179
0.0038998,-0.057336
0.0068005,-0.052501
-0.0086696,-0.05508
-0.013504,-0.047022
-0.0093142,-0.056047
-0.012859,-0.0467
-0.010926,-0.056369
-0.011248,-0.051535
-0.0054467,-0.058303
-0.0054467,-0.056691
-0.002546,-0.052501
-0.019628,-0.049601
-0.028007,-0.057014
-0.016082,-0.051857
-0.0093142,-0.05927
-0.008025,-0.056047
-0.008025,-0.056369
-0.0054467,-0.048956
-0.0035129,-0.053146
-0.0044798,-0.045733
-0.0041575,-0.056691
0.017758,-0.049278
0.015825,-0.058625
0.0071228,-0.052501
0.0068005,-0.054113
0.010668,-0.053791
0.0090565,-0.052824
0.010668,-0.051535
0.010023,-0.056691
0.0019661,-0.053791
-0.002546,-0.058303
-0.0067358,-0.05089
0.0038998,-0.056047
0.015825,-0.051535
0.015502,-0.051857
0.0084119,-0.054435
0.0061559,-0.054757
0.0093788,-0.057658
0.0084119,-0.058303
0.013246,-0.056047
0.015502,-0.054113
0.014213,-0.049278
0.0058336,-0.048312
-0.010926,-0.052501
-0.017049,-0.051857
-0.018983,-0.057336
-0.013504,-0.054113
-0.011893,-0.05089
-0.012859,-0.054435
-0.0057689,-0.048312
-0.002546,-0.061203
-0.0051244,-0.049601
-0.018983,-0.057336
-0.019628,-0.055724
-0.013826,-0.054435
-0.0054467,-0.052501
-0.0015791,-0.055724
-0.002546,-0.052501
-0.002546,-0.054757
-0.0054467,-0.052824
-0.012215,-0.053468
-0.0022237,-0.053791
0.015502,-0.049923
0.01099,-0.054435
0.0080897,-0.053468
0.010023,-0.053146
0.011313,-0.060236
0.012602,-0.05798
0.010668,-0.05508
0.0074451,-0.055724
0.0013215,-0.052501
0.00067691,-0.055724
-0.012859,-0.057336
0.0058336,-0.058625
0.01937,-0.053468
0.016147,-0.056691
0.0038998,-0.054113
0.0071228,-0.051535
0.01099,-0.055724
0.0064782,-0.054757
0.0087342,-0.056369
0.0090565,3.7177
0.025171,3.7219
0.011635,-0.050568
-0.012859,-0.048956
-0.019305,-0.052824
-0.018661,-0.056047
-0.01157,-0.054113
-0.010926,-0.054757
-0.010281,-0.054757
-0.0038352,-0.051535
-0.00028997,-0.053791
-0.013182,-0.054113
-0.014793,-0.057658
-0.013826,-0.05508
-0.01576,-0.054757
-0.0077027,-0.053146
-0.0031906,-0.05798
-0.0054467,-0.047345
-0.0015791,-0.055724
-0.0041575,-0.052824
-0.012859,-0.056047
0.0090565,-0.051535
0.012279,-0.057014
0.011635,-0.056047
0.0068005,-0.056691
0.010668,-0.047022
0.012602,-0.057336
0.011313,-0.049923
0.0093788,-0.05508
0.0035775,-0.055402
0.00099921,-0.058625
-0.0083473,-0.054757
-0.008025,-0.057658
0.013891,-0.051212
0.01937,-0.051535
0.012924,-0.050568
0.0035775,-0.058625
0.0035775,-0.057014
0.0090565,-0.056369
0.0061559,-0.049923
0.0058336,-0.054435
0.021304,-0.056047
0.011313,-0.055724
-0.0035129,-0.054757
-0.012859,-0.055402
-0.013826,-0.049923
-0.013504,-0.058303
-0.0064135,-0.048956
-0.010603,-0.054435
-0.0089919,-0.05089
-0.0028683,-0.055724
-0.0089919,-0.053146
-0.018983,-0.058947
-0.015115,-0.053468
-0.01576,-0.054435
-0.011248,-0.049278
-0.00093455,-0.05508
-0.00061226,-0.058625
-0.0054467,-0.057336
-0.0015791,-0.05508
-0.0012568,-0.057336
0.002933,-0.048956
0.0074451,-0.055724
0.0074451,-0.050568
0.005189,-0.05798
0.0061559,-0.051857
0.0097011,-0.05798
0.0090565,-0.053146
0.0074451,-0.060236
0.0058336,-0.053146
0.0061559,-0.057336
0.0026107,-0.053468
-0.011893,-0.059592
-0.0057689,-0.054757
0.015502,-0.060881
0.022915,-0.049278
0.017114,-0.056047
0.0038998,-0.052501
0.0055113,-0.057014
0.0090565,-0.055402
0.010023,-0.060881
0.014858,-0.055402
0.023237,-0.053791
0.0048667,-0.053791
-0.0096365,-0.057014
-0.014149,-0.053146
-0.013504,-0.061848
-0.017049,-0.051535
-0.010281,-0.061203
-0.008025,-0.05508
-0.008025,-0.055402
-0.0035129,-0.051535
-0.016082,-0.05798
-0.010926,-0.049278
-0.0070581,-0.05798
-0.01576,-0.057014
-0.018661,-0.060881
-0.0051244,-0.05508
0.00067691,-0.052501
-0.0041575,-0.054435
-0.0019014,-0.055724
-0.0099588,-0.052179
-0.0015791,-0.060881
-0.0012568,-0.048956
0.002933,-0.057014
0.0061559,-0.049601
0.0058336,-0.057014
0.011957,-0.051212
0.0090565,-0.060559
0.0087342,-0.05089
0.0097011,-0.055402
0.005189,-0.048956
-0.011248,-0.056047
-0.0067358,-0.048634
0.0016438,-0.052824
0.01518,-0.052501
0.013569,-0.059914
0.014858,-0.054435
0.0077674,-0.051535
0.0074451,-0.052824
0.011313,-0.052179
0.0071228,-0.045733
0.021948,-0.05508
0.018081,-0.058625
0.002933,-0.054435
-0.0067358,-0.054113
-0.010281,-0.053791
-0.013826,-0.047989
-0.017694,-0.057014
-0.012859,-0.049923
-0.0077027,-0.055724
-0.010926,-0.053468
-0.017371,-0.05089
-0.015438,-0.048956
-0.0064135,-0.054435
-0.0070581,-0.047989
-0.0096365,-0.053468
-0.012215,-0.053468
-0.0067358,-0.052824
-0.0057689,-0.056691
-0.0067358,-0.05089
-0.00093455,-0.054113
0.0055113,-0.05508
0.00067691,-0.051212
0.0019661,-0.057014
0.0035775,-0.054113
0.0026107,-0.051535
0.0042221,-0.052179
0.0093788,-0.055402
0.010668,-0.051212
0.0080897,-0.056691
0.0048667,-0.052824
0.0019661,-0.053791
-0.010926,-0.052179
-0.00061226,-0.055402
0.0045444,-0.054113
0.018725,-0.051212
0.017114,-0.05089
0.011313,-0.052501
0.0048667,-0.05927
0.0071228,-0.055724
0.010668,-0.057014
0.017436,-0.054113
0.027427,-0.054113
0.015502,-0.049278
-0.002546,-0.058625
-0.011248,-0.05927
-0.017371,-0.058303
-0.015438,-0.055724
-0.012215,-0.052824
-0.0093142,-0.047989
-0.013504,-0.054113
-0.010281,-0.049278
-0.017694,-0.058303
-0.0096365,-0.055724
-0.0048021,-0.052501
-0.0038352,-0.053146
-0.012859,-0.055724
-0.012537,-0.054757
-0.0067358,-0.058303
-0.0044798,-0.051212
-0.0073804,-0.060236
-0.0067358,-0.053468
0.0026107,-0.054113
-0.0035129,-0.053791
-0.00028997,-0.049923
0.0038998,-0.05508
0.0048667,-0.05927
0.0071228,-0.058947
0.010668,-0.054757
0.0090565,-0.056047
0.0090565,-0.058625
0.010668,-0.052824
-0.0089919,-0.05508
-0.0057689,-0.054113
0.002933,-0.053468
0.0035775,-0.052824
0.017436,-0.058947
0.022593,-0.054435
0.013246,-0.055724
0.0064782,-0.047345
0.0071228,-0.056369
0.010023,-0.051535
0.020337,-0.055724
0.017436,-0.050245
0.010346,-0.057014
-0.0038352,-0.047667
-0.01576,-0.05508
-0.016727,-0.05089
-0.012215,-0.05508
-0.01157,-0.055402
-0.0096365,-0.056691
-0.011893,-0.050245
-0.020272,-0.054757
-0.016082,-0.046378
-0.0048021,-0.051535
-0.0015791,-0.050568
-0.002546,-0.056047
-0.01157,-0.056047
-0.0096365,-0.060881
-0.0028683,-0.052501
-0.0038352,-0.052501
-0.010603,-0.051212
0.0061559,-0.05927
0.00099921,-0.057658
-0.0083473,-0.058947
-0.0019014,-0.051857
0.0038998,-0.055402
0.0087342,-0.050568
0.0080897,-0.053146
0.013891,-0.05089
0.0097011,-0.057336
0.0058336,-0.053791
-0.00061226,-0.058625
-0.0064135,-0.05508
0.0022884,-0.056369
0.0045444,-0.044766
0.0068005,-0.052824
0.01937,-0.053146
0.019048,-0.06217
0.010023,-0.056691
0.0061559,-0.055402
0.0087342,-0.051857
0.017758,-0.051535
0.018081,-0.048312
0.015502,-0.054113
0.0064782,-0.057658
-0.0044798,-0.056047
-0.015438,-0.049923
-0.017371,-0.051535
-0.015115,-0.047667
-0.010603,-0.055724
-0.010603,-0.053468
-0.0096365,-0.057336
-0.022528,-0.056369
-0.010603,-0.052179
-0.0051244,-0.049601
-0.0073804,-0.05089
-0.0070581,-0.050245
-0.0096365,-0.058947
-0.011893,-0.056369
-0.0028683,-0.060236
0.0019661,-0.050568
-0.00093455,-0.058947
0.0087342,-0.051857
-0.0070581,-0.05798
-0.011893,-0.051857
-0.0035129,-0.056047
0.0064782,-0.051212
0.0084119,-0.056369
0.0042221,-0.050568
0.0071228,-0.056369
0.0068005,-0.047345
0.013246,-0.052501
-0.002546,-0.051535
-0.0038352,-0.055402
0.0035775,-0.056047
0.0048667,-0.054113
0.0055113,-0.048956
0.017114,-0.055402
0.016147,-0.054113
0.011313,-0.058303
0.013246,-0.051535
0.010346,-0.058947
0.022593,-0.052824
0.014536,-0.056047
0.010023,-0.050245
0.0084119,-0.056047
-0.0041575,-0.048312
-0.012859,-0.05798
-0.014793,-0.052179
-0.017371,-0.057336
-0.014149,-0.051535
-0.0096365,-0.056369
-0.023495,-0.053146
-0.020272,-0.05508
-0.0057689,-0.048956
-0.00093455,-0.056047
-0.0028683,-0.052824
-0.0089919,-0.057336
-0.014471,-0.055724
-0.012537,-0.056369
-0.0038352,-0.052824
-0.0054467,-0.051535
0.0074451,-0.056369
0.0026107,-0.05927
-0.0096365,-0.056369
-0.010603,-0.051535
-0.00028997,-0.052179
0.0090565,-0.052501
0.0064782,-0.049601
0.0071228,-0.054435
0.011635,-0.058303
0.012279,-0.054757
-0.00061226,-0.051535
-0.0028683,-0.05089
0.00035462,-0.049278
0.0019661,-0.053146
0.0026107,-0.050568
0.005189,-0.053468
0.018403,-0.057336
0.018081,-0.059592
0.014536,-0.056369
0.0061559,-0.047667
0.020014,-0.054435
0.019048,-0.053468
0.010346,-0.053791
0.0087342,-0.056691
0.0042221,-0.053791
3.2327e-05,-0.055724
-0.010603,-0.050568
-0.015438,-0.053468
-0.018016,-0.058303
-0.019628,-0.053791
-0.014793,-0.054113
-0.024462,-0.055402
-0.012859,-0.054113
-0.002546,-0.050245
0.00099921,-0.051212
-0.0044798,-0.050245
-0.010926,-0.052824
-0.010926,-0.056691
-0.0093142,-0.05508
-0.0031906,-0.053791
0.0064782,-0.053468
0.0087342,-0.051535
-0.0012568,-0.054113
-0.008025,-0.053146
-0.0099588,-0.054113
0.00035462,-0.056691
0.0068005,-0.058303
0.0068005,-0.050245
0.0038998,-0.05508
0.0077674,-0.048956
0.0074451,-0.05508
-0.0096365,-0.052824
-0.0015791,-0.059592
0.0064782,-0.054113
0.0045444,-0.05508
0.0016438,-0.048634
0.0087342,-0.051535
0.022593,-0.055402
0.021948,-0.060881
0.011635,-0.056047
0.0055113,-0.055724
0.020337,-0.053468
0.011957,-0.052501
0.0038998,-0.047345
0.010023,-0.056691
0.0090565,-0.052824
-0.0031906,-0.05927
-0.014793,-0.056369
-0.019628,-0.057014
-0.017049,-0.053468
-0.013182,-0.049923
-0.023817,-0.048312
-0.01576,-0.053791
-0.0067358,-0.052824
-0.0019014,-0.056047
3.2327e-05,-0.053146
0.00035462,-0.05089
-0.0089919,-0.050245
-0.017049,-0.054435
-0.014793,-0.054757
-0.0064135,-0.058625
0.010668,-0.051212
0.0038998,-0.05927
-0.0015791,-0.052501
-0.0093142,-0.057014
-0.0093142,-0.047022
-0.00061226,-0.057658
0.0061559,-0.052501
0.0084119,-0.058303
0.010346,-0.052824
0.0093788,-0.057336
-0.0019014,-0.050245
-0.0035129,-0.053468
0.0022884,-0.05089
0.0045444,-0.053791
0.0038998,-0.056047
0.0026107,-0.056369
0.0071228,-0.05508
0.018081,-0.05927
0.020014,-0.050568
0.0084119,-0.058625
0.016469,-0.048312
0.013891,-0.058625
0.0093788,-0.052824
0.0080897,-0.056369
0.012602,-0.050568
0.0045444,-0.054757
-0.0077027,-0.05089
-0.018661,-0.056047
-0.019628,-0.051857
-0.016082,-0.061848
-0.016405,-0.052501
-0.018016,-0.053468
-0.013504,-0.048956
-0.0041575,-0.051857
-0.0035129,-0.049601
-0.00061226,-0.053791
0.0019661,-0.052179
-0.010281,-0.060881
-0.013504,-0.05089
-0.012859,-0.055402
0.0058336,-0.052501
0.0058336,-0.050568
-0.0035129,-0.053468
-0.0057689,-0.059592
-0.011248,-0.056691
-0.0073804,-0.055402
-0.00061226,-0.053791
0.0016438,-0.052501
0.0061559,-0.047667
0.010346,-0.055402
0.01099,-0.051212
-0.0019014,-0.05927
0.0032553,-0.051857
0.0058336,-0.059592
0.0048667,-0.048634
0.0022884,-0.056691
0.0035775,-0.051535
0.011313,-0.060881
0.017758,-0.058303
0.021626,-0.058303
0.01518,-0.055724
0.021948,-0.055402
0.010668,-0.050245
0.0061559,-0.052824
0.010023,-0.047989
0.010346,-0.056369
-0.00028997,-0.054435
-0.0070581,-0.058303
-0.012537,-0.048956
-0.014471,-0.055402
-0.016405,-0.051535
-0.029941,-0.053468
-0.021884,-0.052179
-0.014471,-0.055724
-0.0057689,-0.050568
0.00067691,-0.055724
0.002933,-0.048312
-0.002546,-0.054435
-0.0086696,-0.053468
-0.015438,-0.056369
-0.010926,-0.053468
0.012279,-0.060236
0.0045444,-0.050245
-0.002546,-0.056691
-0.002546,-0.051857
-0.0093142,-0.056369
-0.0067358,-0.050568
0.005189,-0.060881
0.0093788,-0.054113
0.0064782,-0.057336
0.0064782,-0.053791
-0.0038352,-0.051857
-0.0064135,-0.054435
0.00099921,-0.05798
0.0077674,-0.056047
0.0032553,-0.056047
0.0045444,-0.056047
0.0061559,-0.054757
0.012279,-0.054113
0.016792,-0.05508
0.013246,-0.051857
0.022271,-0.058625
0.020981,-0.053468
0.017114,-0.057658
0.0087342,-0.052501
0.0090565,-0.052179
0.012279,-0.051212
0.0022884,-0.053791
-0.010603,-0.054435
-0.016405,-0.057658
-0.013504,-0.057014
-0.026073,-0.053791
-0.025751,-0.051535
-0.013826,-0.051857
-0.012537,-0.047989
-0.0086696,-0.054113
-0.0035129,-0.052179
-0.0012568,-0.060236
-0.0057689,-0.054435
-0.015438,-0.055402
-0.01576,-0.050245
0.0026107,-0.054113
0.011313,-0.055724
-0.0015791,-0.051535
-0.0083473,-0.056047
-0.0054467,-0.060881
-0.010281,-0.054113
-0.0064135,-0.050245
0.0022884,-0.052501
0.0035775,-0.054435
0.0061559,-0.055402
0.0080897,-0.058303
-0.002546,-0.051857
0.0045444,-0.054113
0.012602,-0.055402
0.012279,-0.051857
0.0064782,-0.057014
0.0013215,-0.056047
-0.00093455,-0.053791
0.0093788,-0.05927
0.018081,-0.057336
0.024204,-0.055402
0.020659,-0.055402
0.013569,-0.051857
0.012924,-0.056047
0.0061559,-0.056047
0.010023,-0.057336
0.012602,-0.058625
0.002933,-0.053468
-0.0093142,-0.053468
-0.015438,-0.056369
-0.015115,-0.054757
-0.030263,-0.053146
-0.020917,-0.060881
-0.012215,-0.059592
-0.0077027,-0.054757
-0.0041575,-0.054435
-0.0022237,-0.051857
3.2327e-05,-0.050245
-0.0031906,-0.052179
-0.012859,-0.05927
-0.013826,-0.057336
0.0045444,-0.057658
0.0058336,-0.055402
-0.00061226,-0.048956
-0.0035129,-0.052179
-0.0031906,-0.05508
-0.008025,-0.053146
-0.0054467,-0.055402
0.00067691,-0.057336
0.0038998,-0.057658
0.0064782,-0.054757
-0.0035129,-0.052179
0.002933,-0.053468
0.0061559,-0.053791
0.0090565,-0.051212
0.0074451,-0.05508
0.0032553,-0.05798
0.0026107,-0.054113
0.0013215,-0.046056
0.011635,-0.056369
0.021304,-0.056047
0.031939,-0.058947
0.016147,-0.058947
0.0074451,-0.054435
0.0077674,-0.055724
0.0016438,-0.056047
0.0064782,-0.05089
0.010346,-0.056369
-0.0012568,-0.051857
-0.010926,-0.056047
-0.018338,-0.058625
-0.029619,-0.053146
-0.029619,-0.049278
-0.014793,-0.050245
-0.0070581,-0.052824
-0.0093142,-0.05798
-0.008025,-0.057014
-0.0035129,-0.06217
-0.00093455,-0.049278
-0.0012568,-0.051535
-0.011893,-0.052501
-0.0038352,-0.056691
0.00035462,-0.054435
3.2327e-05,-0.058303
-0.0019014,-0.054113
-0.00093455,-0.054113
-0.0031906,-0.050568
-0.010926,-0.050568
-0.0073804,-0.048956
0.0048667,-0.054435
0.0084119,-0.056047
0.0032553,-0.058947
-0.0054467,-0.050245
0.0019661,-0.058625
0.0068005,-0.048956
0.0084119,-0.05089
0.0071228,-0.051857
0.0071228,-0.057336
0.0038998,-0.051857
0.0048667,-0.05508
0.010346,-0.052824
0.028716,-0.058947
0.030972,-0.051857
0.017114,-0.05798
0.0087342,-0.049278
0.0093788,-0.06217
0.0042221,-0.057336
0.010346,-0.058947
0.0087342,-0.052501
3.2327e-05,-0.052501
-0.0067358,-0.0467
-0.017371,-0.056047
-0.030586,-0.05089
-0.024784,-0.058625
-0.012859,-0.051535
-0.010281,-0.054435
-0.0093142,-0.049923
-0.0067358,-0.056047
-0.0022237,-0.05089
-0.0022237,-0.05798
-0.0044798,-0.057658
-0.0096365,-0.05798
0.00099921,-0.049923
-0.00093455,-0.054435
3.2327e-05,-0.05089
-0.0041575,-0.052501
-0.0054467,-0.052501
-0.0060912,-0.063459
-0.013182,-0.053468
-0.0067358,-0.053791
-0.00061226,-0.052824
0.0038998,-0.055724
-0.0054467,-0.053146
0.0038998,-0.056047
0.013246,-0.053468
0.010668,-0.054113
0.0087342,-0.049601
0.005189,-0.056047
0.0013215,-0.051857
0.0032553,-0.056047
0.0035775,-0.054113
0.015502,-0.057014
0.033873,-0.051535
0.022593,-0.056691
0.0064782,-0.051535
0.0071228,-0.055724
0.010346,-0.048956
0.002933,-0.056369
0.0093788,-0.050568
0.011635,-0.061203
-0.00028997,-0.049923
-0.011893,-0.056369
-0.027685,-0.056047
-0.02414,-0.054113
-0.015115,-0.047667
-0.010281,-0.05927
-0.012859,-0.057658
-0.0093142,-0.062493
-0.0041575,-0.05508
-0.0041575,-0.049278
-0.0044798,-0.052179
-0.0070581,-0.054757
0.00067691,-0.048634
-0.00093455,-0.056369
-0.0028683,-0.051212
-0.00093455,-0.05508
-0.0054467,-0.052501
-0.0041575,-0.056691
-0.0035129,-0.048956
-0.010603,-0.05927
-0.0048021,-0.050568
0.0045444,-0.061203
-0.0019014,-0.054113
-0.0048021,-0.05798
0.0035775,-0.054435
0.0084119,-0.054113
0.0077674,-0.049278
0.0087342,-0.055724
0.0084119,-0.05089
0.0019661,-0.055724
0.0064782,-0.049278
0.0061559,-0.052824
0.02356,-0.050245
0.03065,-0.056369
0.01937,-0.053791
0.0048667,-0.057014
0.0035775,-0.053146
0.0038998,-0.055724
0.0058336,-0.053146
0.011313,-0.051857
0.011635,-0.046378
-0.0038352,-0.060559
-0.011893,-0.053468
-0.027363,-0.056047
-0.015115,-0.051857
-0.0099588,-0.056047
-0.0083473,-0.054113
-0.0093142,-0.052501
-0.010281,-0.051212
-0.0064135,-0.055402
-0.0031906,-0.057014
0.0019661,-0.054113
0.0026107,-0.05508
-0.0038352,-0.055724
-0.012537,-0.049923
-0.0048021,-0.054113
-0.00061226,-0.054113
-0.0054467,-0.055724
-0.0019014,-0.051212
-0.0070581,-0.054113
-0.013182,-0.049601
-0.008025,-0.055402
0.0013215,-0.048634
-0.0067358,-0.053468
-0.0015791,-0.051535
0.0093788,-0.056691
0.0090565,-0.055402
0.0071228,-0.056369
0.010346,-0.051212
0.0074451,-0.055724
0.0035775,-0.05798
0.0032553,-0.060881
0.00067691,-0.058947
0.030328,-0.056369
0.026783,-0.0467
0.019048,-0.049278
0.0093788,-0.05089
0.0097011,-0.054435
0.0068005,-0.056369
0.0026107,-0.056691
0.0058336,-0.053146
0.0087342,-0.05927
-0.0028683,-0.050245
-0.023817,-0.051857
-0.02414,-0.053791
-0.017371,-0.053468
-0.015115,-0.052824
-0.014471,-0.054435
-0.010281,-0.054757
-0.0067358,-0.050245
-0.0015791,-0.05508
-0.00093455,-0.047667
-0.0015791,-0.054435
0.010346,-0.052179
-0.0041575,-0.053468
-0.013504,-0.057658
-0.008025,-0.052824
-0.002546,-0.048634
3.2327e-05,-0.05508
-0.00093455,-0.053791
-0.0086696,-0.054757
-0.011248,-0.058625
-0.008025,-0.053468
-0.0083473,-0.059592
-0.0028683,-0.053791
0.0055113,-0.054435
0.0064782,-0.057014
0.0097011,-0.052501
0.0097011,-0.053791
0.0071228,-0.05508
0.0048667,-0.053146
0.0055113,-0.051535
0.0080897,-0.051535
0.020659,-0.048634
0.029361,-0.056369
0.022915,-0.057658
0.016469,-0.060236
0.0064782,-0.055724
0.0064782,-0.053791
0.0061559,-0.051212
0.0068005,-0.053468
0.011313,-0.051857
0.0071228,-0.051857
-0.011248,-0.056691
-0.024784,-0.058947
-0.021561,-0.057658
-0.016405,-0.05798
-0.012859,-0.048956
-0.0099588,-0.056047
-0.0099588,-0.055724
-0.0086696,-0.060236
-0.0041575,-0.055724
-0.0028683,-0.057336
0.0064782,-0.051857
0.0077674,-0.057336
-0.010281,-0.054757
-0.013182,-0.052501
-0.0015791,-0.05508
0.0019661,-0.058303
-0.0070581,-0.050245
-0.0073804,-0.054113
-0.0086696,-0.049923
-0.0083473,-0.049923
-0.0048021,-0.053791
-0.012859,-0.054757
-0.0028683,-0.05089
0.0019661,-0.057014
0.0084119,-0.053791
0.012924,-0.052824
0.013569,-0.052824
0.016147,-0.054435
0.0090565,-0.051212
0.0032553,-0.058303
0.0032553,-0.056047
0.016147,-0.058303
0.022271,-0.052501
0.016792,-0.051535
0.010346,-0.0467
0.0055113,-0.052824
0.0077674,-0.054435
0.0077674,-0.058625
0.0058336,-0.054435
0.010668,-0.057336
0.010023,-0.052824
-0.01576,-0.053146
-0.019305,-0.048312
-0.017049,-0.053791
-0.014471,-0.053791
-0.013182,-0.060236
-0.0054467,-0.052179
-0.0093142,-0.053791
-0.0096365,-0.048634
-0.0057689,-0.052179
-0.0038352,-0.050568
0.012924,-0.055402
-0.0015791,-0.051535
-0.017049,-0.055724
-0.015115,-0.051535
-0.00061226,-0.052501
0.00067691,-0.047667
-0.0028683,-0.056691
-0.0048021,-0.054113
-0.013182,-0.059914
-0.013182,-0.056047
-0.012537,-0.054435
-0.0067358,-0.05089
0.00099921,-0.055724
0.0071228,-0.05089
0.0077674,-0.053468
0.0077674,-0.05798
0.0080897,-0.061848
0.01099,-0.051857
0.010346,-0.057014
0.0074451,-0.049923
0.019048,-0.051212
0.015502,-0.047667
0.021304,-0.061526
0.018725,-0.056369
0.011635,-0.061848
0.0042221,-0.052179
0.0080897,-0.053791
0.0080897,-0.047345
0.0035775,-0.053468
0.005189,-0.049601
-0.00028997,-0.057658
-0.012537,-0.051857
-0.014793,-0.05798
-0.018016,-0.053146
-0.017371,-0.052179
-0.012215,-0.051857
-0.0086696,-0.052824
-0.0093142,-0.051857
-0.0041575,-0.056369
-0.0012568,-0.05508
0.0077674,-0.053146
0.0048667,-0.048312
-0.0048021,-0.057658
-0.01157,-0.053468
-0.013504,-0.056047
-0.0031906,-0.057014
-0.0057689,-0.05798
-0.0064135,-0.05089
-0.0028683,-0.053146
-0.0070581,-0.048634
-0.010926,-0.053791
-0.01995,-0.053146
-0.00093455,-0.059592
0.0084119,-0.051535
0.0093788,-0.05798
0.0090565,-0.051857
0.0055113,-0.056047
0.0080897,-0.047345
0.0087342,-0.057014
0.0064782,-0.053791
0.010668,-0.055724
0.018403,-0.055402
0.012602,-0.058303
0.023237,-0.049601
0.018403,-0.051857
0.0087342,-0.050245
0.0026107,-0.05798
0.0058336,-0.053146
0.0061559,-0.060881
0.0080897,-0.053146
0.0084119,-0.055724
-0.010603,-0.047022
-0.016405,-0.058625
-0.018338,-0.052179
-0.014149,-0.058303
-0.0093142,-0.057014
-0.0086696,-0.053468
-0.0099588,-0.054113
-0.010281,-0.054757
-0.0096365,-0.051535
-0.0031906,-0.054435
0.011635,-0.054113
0.0058336,-0.058947
-0.0077027,-0.050568
-0.017049,-0.051212
-0.019305,-0.050568
-0.012859,-0.048634
-0.0089919,-0.053468
-0.0060912,-0.053791
-0.0031906,-0.056691
-0.0051244,-0.058303
-0.024462,-0.050568
-0.0083473,-0.053791
0.0038998,-0.048634
0.0042221,-0.052824
0.0035775,-0.049601
0.0048667,-0.05798
0.01099,-0.052824
0.01099,-0.052501
0.012602,-0.050568
0.0087342,-0.051535
0.020337,-0.05508
0.012602,-0.053146
0.0087342,-0.054435
0.017758,-0.056047
0.019048,-0.056369
0.012924,-0.056691
0.0048667,-0.048312
0.0058336,-0.054435
0.0058336,-0.051535
0.0068005,-0.053791
0.0061559,-0.054435
0.00099921,-0.058303
-0.0064135,-0.05089
-0.011248,-0.049923
-0.014471,-0.051535
-0.010603,-0.052824
-0.011893,-0.058947
-0.010926,-0.056047
-0.0099588,-0.055402
-0.0083473,-0.054757
0.0087342,-0.053146
0.0087342,-0.051857
-0.0031906,-0.051857
-0.0083473,-0.057014
-0.01157,-0.057658
-0.011893,-0.056369
-0.0044798,-0.058625
-0.0028683,-0.052179
-0.002546,-0.053146
-0.0041575,-0.048956
-0.011893,-0.052824
-0.021561,-0.058947
-0.0093142,-0.054757
0.0038998,-0.056691
0.0048667,-0.05927
0.0064782,-0.052179
0.013246,-0.050568
0.011313,-0.057658
0.011635,-0.054435
0.01099,-0.057658
0.013569,-0.057336
0.014536,-0.053468
0.0090565,-0.057014
0.0090565,-0.051857
0.017758,-0.052179
0.017436,-0.049601
0.0084119,-0.054435
0.0026107,-0.054435
0.0077674,-0.054113
0.0058336,-0.054113
0.005189,-0.05508
-0.0077027,-0.054757
-0.0044798,-0.052501
-0.0041575,-0.056691
-0.010603,-0.057658
-0.013504,-0.056047
-0.015438,-0.054757
-0.010281,-0.051212
-0.0067358,-0.053146
-0.0070581,-0.052824
-0.002546,-0.052179
0.0087342,-0.05508
0.0016438,-0.056369
-0.0057689,-0.049923
-0.013182,-0.049601
-0.014149,-0.050568
-0.0093142,-0.05798
-0.0028683,-0.053146
-0.0019014,-0.057014
-0.0057689,-0.054757
-0.0086696,-0.058625
-0.022528,-0.054435
-0.020594,-0.052179
-0.0083473,-0.052501
0.0061559,-0.052824
0.0071228,-0.051212
0.005189,-0.056047
0.013891,-0.055402
0.015502,-0.053468
0.0097011,-0.045411
0.0048667,-0.049601
0.021304,-0.053146
0.012279,-0.060236
0.0080897,-0.051857
0.0077674,-0.057336
0.017114,-0.054757
0.018725,-0.055402
0.0097011,-0.051857
0.0061559,-0.060559
0.0071228,-0.05089
0.0074451,-0.056047
-0.0041575,-0.053468
-0.00061226,-0.053791
-0.00028997,-0.052179
-0.0073804,-0.050568
-0.013504,-0.049278
-0.015438,-0.054757
-0.012859,-0.052501
-0.012859,-0.059592
-0.013182,-0.051535
-0.011893,-0.054757
0.0061559,-0.050568
0.0045444,-0.057014
-0.0019014,-0.052501
