0.0022884,-0.046378
0.0042221,-0.052179
0.0032553,-0.054113
-0.0035129,-0.053791
-0.0089919,-0.053468
-0.023173,-0.055402
-0.022206,-0.047989
-0.017694,-0.057014
-0.013182,-0.047022
-0.010281,-0.054435
-0.0028683,-0.054113
0.0016438,-0.056691
-0.0035129,-0.050245
-0.0093142,-0.052501
-0.013826,-0.048956
-0.00028997,-0.057014
-0.0057689,-0.054435
-0.0041575,-0.058303
-0.0077027,-0.053468
-0.0093142,-0.062493
-0.0022237,-0.054435
-0.0054467,-0.058947
-0.013826,-0.052501
-0.00028997,-0.05089
0.0090565,-0.050245
0.0013215,-0.061848
0.0022884,-0.053791
0.010668,-0.05508
0.01099,-0.052179
0.0084119,-0.056691
0.005189,-0.052179
0.0019661,-0.059914
0.0016438,-0.057658
0.0022884,-0.054757
0.0035775,-0.050568
0.029361,-0.056047
0.031295,-0.051857
0.01518,-0.054757
0.010023,-0.046378
0.0090565,-0.05927
0.0071228,-0.054113
0.0048667,-0.05508
0.0077674,-0.052179
0.0048667,-0.05508
-0.0051244,-0.048634
-0.01995,-0.051535
-0.025429,-0.05089
-0.018016,-0.056047
-0.012215,-0.056047
-0.0077027,-0.057658
-0.0067358,-0.054113
-0.0073804,-0.05508
-0.0019014,-0.048956
3.2327e-05,-0.053468
-0.0012568,-0.054113
0.00067691,-0.054435
-0.008025,-0.054757
-0.010926,-0.054757
-0.0038352,-0.051535
-0.0041575,-0.052501
-0.011248,-0.051535
-0.0064135,-0.058947
-0.0099588,-0.058625
-0.014149,-0.053791
-0.0019014,-0.054435
0.0055113,-0.05089
0.00067691,-0.052501
0.0058336,-0.05089
0.012279,-0.054757
0.0087342,-0.054435
0.0093788,-0.057014
0.01099,-0.053468
0.0071228,-0.05089
0.00035462,-0.052824
-0.00093455,-0.051857
0.01099,-0.050568
0.027105,-0.054435
0.01937,-0.055724
0.0058336,-0.056691
0.0055113,-0.050245
0.0074451,-0.057014
0.011313,-0.051212
0.010023,-0.050568
0.010668,-0.055724
0.005189,-0.056691
-0.0067358,-0.054113
-0.023173,-0.054757
-0.017049,-0.051212
-0.014471,-0.054113
-0.010603,-0.048956
-0.0073804,-0.059592
-0.0086696,-0.057658
-0.010281,-0.058625
-0.0041575,-0.051535
-0.0012568,-0.054435
-0.0019014,-0.048956
0.0055113,-0.052824
-0.0083473,-0.048956
-0.012859,-0.056691
-0.0064135,-0.053791
-0.0073804,-0.060236
-0.010603,-0.049601
-0.0057689,-0.051535
-0.0083473,-0.048312
-0.010926,-0.053791
-0.0035129,-0.056047
-0.0093142,-0.056691
0.0013215,-0.051212
0.0042221,-0.058303
0.011957,-0.050245
0.011313,-0.05508
0.0045444,-0.048634
0.0038998,-0.055402
0.0077674,-0.052501
0.0084119,-0.058947
0.0042221,-0.055402
0.017436,-0.058947
0.020981,-0.048956
0.020659,-0.049278
0.01518,-0.05089
0.0090565,-0.061526
0.012279,-0.048312
0.0042221,-0.058625
0.0022884,-0.054757
0.0090565,-0.052179
0.0087342,-0.048956
-0.01576,-0.056691
-0.020917,-0.055724
-0.015115,-0.060559
-0.010603,-0.050568
-0.010281,-0.05927
-0.011893,-0.048634
-0.012859,-0.051535
-0.0099588,-0.049923
-0.0031906,-0.059914
-0.0012568,-0.052501
0.0055113,-0.056369
-0.0051244,-0.054757
-0.010926,-0.05927
-0.013182,-0.051212
-0.0083473,-0.055724
-0.0070581,-0.048634
-0.0070581,-0.063459
-0.0064135,-0.053468
-0.012859,-0.057658
-0.010603,-0.055724
-0.010926,-0.050245
-0.0012568,-0.050245
0.0061559,-0.059592
0.010346,-0.051212
0.011635,-0.05798
0.010023,-0.055402
0.011635,-0.057658
0.011635,-0.051857
0.0058336,-0.055724
0.002933,-0.052179
0.012602,-0.054113
0.0084119,-0.047667
0.015825,-0.060881
0.018725,-0.057014
0.014536,-0.057658
0.0061559,-0.048634
0.010023,-0.05927
0.0093788,-0.050568
0.0077674,-0.056047
0.010346,-0.055402
-0.00061226,-0.058947
-0.013826,-0.049601
-0.01157,-0.051212
-0.012215,-0.051212
-0.013182,-0.056369
-0.0086696,-0.050568
-0.0070581,-0.059914
-0.0089919,-0.055724
-0.010926,-0.057658
-0.0038352,-0.047989
0.0077674,-0.051212
0.0064782,-0.054113
-0.0044798,-0.055402
-0.014793,-0.049278
-0.013826,-0.055402
-0.0028683,-0.051212
-0.00061226,-0.058303
-0.0083473,-0.047667
-0.0086696,-0.049601
-0.01157,-0.046056
-0.010281,-0.055402
-0.011893,-0.056691
0.0026107,-0.057336
0.01099,-0.053791
0.0077674,-0.058625
0.0071228,-0.047989
0.0061559,-0.057014
0.010023,-0.056369
0.010023,-0.059914
0.0061559,-0.057336
0.0084119,-0.053468
0.017436,-0.054435
0.010346,-0.054435
0.017436,-0.053468
0.018403,-0.054435
0.0074451,-0.05508
0.0019661,-0.05798
0.0055113,-0.051535
0.005189,-0.048956
0.0064782,-0.05089
0.011313,-0.05089
-0.0077027,-0.055724
-0.0077027,-0.052824
-0.0073804,-0.05508
-0.012537,-0.053791
-0.013826,-0.052179
-0.011893,-0.054757
-0.011248,-0.054113
-0.0086696,-0.054113
-0.0064135,-0.057336
-0.0064135,-0.053791
0.014213,-0.053146
0.0038998,-0.05089
-0.013504,-0.054435
-0.014793,-0.053146
-0.010281,-0.057336
-0.0054467,-0.055402
-0.0067358,-0.053146
-0.010603,-0.057014
-0.0073804,-0.05798
-0.011248,-0.05508
-0.02285,-0.052824
-0.0073804,-0.053146
0.0090565,-0.052501
0.014536,-0.048956
0.011957,-0.054113
0.011635,-0.057658
0.0071228,-0.054113
0.0093788,-0.047989
0.0084119,-0.051857
0.0048667,-0.048956
0.019048,-0.05508
0.010668,-0.055724
0.0068005,-0.055724
0.012602,-0.052179
0.018403,-0.054435
0.0084119,-0.047667
0.0035775,-0.052501
0.0022884,-0.052824
0.0042221,-0.06217
0.0048667,-0.056047
-0.00028997,-0.060236
-0.002546,-0.049923
-0.0041575,-0.056691
-0.0070581,-0.050568
-0.011893,-0.056047
-0.014793,-0.053791
-0.013826,-0.056047
-0.010603,-0.049278
-0.0093142,-0.05508
-0.0083473,-0.05089
0.0090565,-0.057014
0.0061559,-0.052179
-0.00028997,-0.061203
-0.01157,-0.05508
-0.017371,-0.056691
-0.013826,-0.049601
-0.0038352,-0.05508
-0.0044798,-0.05089
-0.0086696,-0.055724
-0.0070581,-0.048956
-0.020594,-0.053468
-0.022528,-0.057014
-0.00061226,-0.052824
0.0074451,-0.051535
0.011635,-0.05508
0.011635,-0.049923
0.014536,-0.056691
0.011313,-0.052501
0.0093788,-0.057014
0.011313,-0.049601
0.021304,-0.054435
0.011635,-0.052824
0.00035462,-0.05089
0.0026107,-0.051535
0.014536,-0.062493
0.013246,-0.055402
0.0064782,-0.059914
0.0042221,-0.050245
0.0093788,-0.05508
0.0061559,-0.048312
0.0042221,-0.054113
-0.00061226,-0.052824
0.0022884,-0.060236
-0.0035129,-0.054435
-0.0093142,-0.055402
-0.012215,-0.049278
-0.012537,-0.055724
-0.0093142,-0.049278
-0.0064135,-0.056691
-0.0086696,-0.053468
3.2327e-05,-0.05508
0.0093788,-0.053791
0.0019661,-0.056691
-0.0038352,-0.05089
-0.015438,-0.050568
-0.019628,-0.049923
-0.013182,-0.057336
-0.0031906,-0.050568
-0.0035129,-0.058625
-0.0073804,-0.049278
-0.0060912,-0.051857
-0.025751,-0.048956
-0.016727,-0.054435
0.0042221,-0.053146
0.010668,-0.059914
0.013246,-0.058947
0.012602,-0.058303
0.012602,-0.048956
0.0097011,-0.052501
0.010346,-0.054435
0.016469,-0.054113
0.018081,-0.057014
0.0080897,-0.05798
0.0026107,-0.05508
0.0032553,-0.056369
0.011957,-0.052824
0.013246,-0.053146
0.0084119,-0.053791
0.0045444,-0.058303
0.0055113,-0.054757
-0.00028997,-0.053468
-0.012537,-0.052824
0.0032553,-0.051535
0.0068005,-0.056691
0.00067691,-0.052824
-0.0067358,-0.052501
-0.010281,-0.053146
-0.010603,-0.057336
-0.010926,-0.053468
-0.0096365,-0.05508
-0.0077027,-0.054757
0.0074451,-0.054113
0.0048667,-0.050568
-0.0015791,-0.053468
-0.010603,-0.051857
-0.016405,-0.055724
-0.013182,-0.056369
-0.011248,-0.057336
-0.0041575,-0.049601
-0.0077027,-0.053791
-0.010281,-0.051212
-0.018016,-0.057336
-0.017694,-0.054113
-0.0099588,-0.053146
0.0048667,-0.054113
0.0077674,-0.05508
0.010346,-0.051535
0.0074451,-0.060236
0.0087342,-0.051535
0.0093788,-0.060881
0.0090565,-0.057336
0.02356,-0.057336
0.013246,-0.05508
0.0055113,-0.052501
0.0022884,-0.05508
0.0087342,-0.057658
0.015825,-0.051857
0.016792,-0.055402
0.0055113,-0.048312
0.0064782,-0.057336
0.012279,-0.046056
-0.00028997,-0.056369
-0.0038352,-0.053146
0.0071228,-0.058303
0.010023,-0.053146
3.2327e-05,-0.054113
-0.0086696,-0.050245
-0.013182,-0.051535
-0.01157,-0.049923
-0.011893,-0.058947
-0.011248,-0.056047
0.005189,-0.059592
-0.0012568,-0.057014
-0.0041575,-0.052501
-0.002546,-0.050568
-0.0060912,-0.055724
-0.018338,-0.054113
-0.016082,-0.056047
-0.01157,-0.056369
-0.0093142,-0.060236
-0.0096365,-0.047989
-0.015438,-0.058625
-0.014471,-0.051212
-0.014471,-0.059592
-0.008025,-0.050245
0.0022884,-0.05798
0.0097011,-0.052501
0.0087342,-0.056691
0.0055113,-0.050568
0.0087342,-0.054435
0.010023,-0.053791
0.022915,-0.05927
0.020659,-0.054757
0.0090565,3.7167
0.011313,3.7229
0.011313,-0.055724
0.0035775,-0.0467
0.013569,-0.055402
0.016792,-0.052824
0.012924,-0.057658
0.0048667,-0.054113
0.0035775,-0.058947
-0.0073804,-0.056369
0.0022884,-0.057014
0.010668,-0.053791
0.0077674,-0.052501
-0.0035129,-0.05508
-0.010281,-0.059592
-0.011893,-0.058303
-0.011893,-0.055724
-0.013504,-0.056047
-0.0019014,-0.051857
0.0045444,-0.049601
0.0016438,-0.055724
0.00099921,-0.05798
-0.0022237,-0.058303
-0.0093142,-0.056369
-0.018016,-0.054757
-0.021884,-0.048312
-0.017371,-0.050568
-0.0057689,-0.051857
-0.0041575,-0.059592
-0.018338,-0.057336
-0.010603,-0.054757
-0.0083473,-0.054757
-0.0077027,-0.058303
0.0038998,-0.051212
0.0080897,-0.052179
0.0087342,-0.05508
0.0093788,-0.054757
0.012924,-0.060881
0.0097011,-0.050245
0.024204,-0.051857
0.012279,-0.051212
0.0061559,-0.051535
0.0055113,-0.057658
0.0022884,-0.053468
0.0042221,-0.055724
0.012924,-0.058303
0.020337,-0.054757
0.012924,-0.056047
0.0093788,-0.048956
-0.0054467,-0.057014
-0.0022237,-0.053146
0.0035775,-0.054757
0.0074451,-0.056691
0.0032553,-0.053791
-0.0038352,-0.051535
-0.011893,-0.052501
-0.014149,-0.053146
-0.013182,-0.056691
-0.0099588,-0.051857
0.0071228,-0.05508
0.0019661,-0.05089
-0.002546,-0.053791
-0.00093455,-0.050568
-0.0012568,-0.052179
-0.0044798,-0.051857
-0.016082,-0.058303
-0.019305,-0.057336
-0.015438,-0.062493
-0.010603,-0.052179
-0.025107,-0.053791
-0.018661,-0.048956
-0.0031906,-0.057014
-0.0048021,-0.049278
-0.0073804,-0.056691
0.0045444,-0.056691
0.01099,-0.058625
0.0084119,-0.05089
0.0068005,-0.057658
0.01099,-0.048312
0.025493,-0.057014
0.019048,-0.055402
0.0087342,-0.056369
0.0038998,-0.057336
3.2327e-05,-0.053468
0.0016438,-0.052824
0.0080897,-0.053468
0.014213,-0.050245
0.017114,-0.056047
0.0077674,-0.051212
-0.0060912,-0.059592
-0.0077027,-0.052179
0.0019661,-0.05927
0.0074451,-0.053468
0.011957,-0.05927
0.0055113,-0.053468
-0.0067358,-0.059914
-0.015115,-0.056691
-0.013826,-0.055402
-0.0083473,-0.049923
0.0042221,-0.056691
0.0022884,-0.051212
-0.0089919,-0.05927
-0.012537,-0.057336
-0.0054467,-0.061203
-0.0019014,-0.055724
-0.0038352,-0.05927
-0.012537,-0.048956
-0.016727,-0.05089
-0.011893,-0.048312
-0.0012568,-0.056691
-0.015115,-0.057014
-0.012537,-0.055724
-0.0041575,-0.050245
-0.0089919,-0.053791
-0.008025,-0.054435
0.0080897,-0.053468
0.0097011,-0.053146
0.0097011,-0.058625
0.0087342,-0.047667
0.018081,-0.057336
0.019692,-0.05089
0.014536,-0.051212
0.011313,-0.051857
0.0064782,-0.052824
0.0048667,-0.056369
0.00035462,-0.057658
0.0013215,-0.056369
0.011635,-0.053146
0.018081,-0.048956
0.013569,-0.054757
-0.0086696,-0.054435
0.0013215,-0.056047
0.0042221,-0.052824
0.010346,-0.053468
0.012924,-0.050568
0.0077674,-0.054757
-0.0015791,-0.051857
-0.013182,-0.051535
-0.014471,-0.054435
-0.013182,-0.059592
0.0038998,-0.053791
-0.0038352,-0.053146
-0.010281,-0.050245
-0.0060912,-0.049278
-0.0019014,-0.049278
-0.00093455,-0.053468
-0.0054467,-0.054113
-0.01576,-0.060559
-0.018661,-0.055402
-0.016405,-0.054113
-0.022206,-0.054435
-0.014471,-0.048634
-0.0054467,-0.053791
-0.00093455,-0.057336
-0.0070581,-0.057336
-0.0067358,-0.053791
0.0045444,-0.055402
0.0087342,-0.053468
0.0087342,-0.052179
0.010346,-0.057014
0.027427,-0.052501
0.018081,-0.056047
0.010668,-0.058303
0.005189,-0.053468
0.0048667,-0.05508
0.0055113,-0.049923
-0.00028997,-0.05089
0.0022884,-0.050568
0.0087342,-0.056691
0.0097011,-0.058947
-0.0038352,-0.056691
-0.0031906,-0.050245
0.0064782,-0.057014
0.011635,-0.052501
0.010668,-0.057014
0.0084119,-0.056047
0.0022884,-0.05798
-0.0067358,-0.054435
-0.01157,-0.054757
-0.012537,-0.051857
0.0019661,-0.050245
0.0022884,-0.056047
-0.0054467,-0.057014
-0.0083473,-0.058303
-0.0054467,-0.059592
-0.0077027,-0.057658
-0.0077027,-0.057014
-0.0057689,-0.051535
-0.014793,-0.051535
-0.018338,-0.051212
-0.02285,-0.056691
-0.014471,-0.05089
-0.0057689,-0.057336
-0.002546,-0.048634
-0.002546,-0.050568
-0.0031906,-0.048956
-0.0077027,-0.058303
-0.0031906,-0.051857
0.0074451,-0.054435
0.0071228,-0.053468
0.017114,-0.053468
0.022593,-0.051857
0.013569,-0.054113
0.013569,-0.048312
0.0068005,-0.057014
0.0013215,-0.052179
-0.00028997,-0.057336
-0.00028997,-0.054113
0.0074451,-0.054113
0.016469,-0.0467
0.015502,-0.051857
-0.0060912,-0.048956
-0.0022237,-0.059914
0.0038998,-0.051535
0.0061559,-0.05508
0.014858,-0.049923
0.012924,-0.052179
0.0048667,-0.054113
-0.00028997,-0.054435
-0.0083473,-0.051212
-0.0012568,-0.05798
0.0058336,-0.057014
-0.0064135,-0.054757
-0.013504,-0.0467
-0.010926,-0.051212
-0.0041575,-0.048634
-0.0057689,-0.053468
-0.0057689,-0.054113
-0.0051244,-0.058947
-0.019305,-0.052824
-0.020272,-0.052179
-0.026718,-0.046056
-0.011893,-0.058947
-0.0060912,-0.050245
-0.0057689,-0.063137
-0.002546,-0.056691
-0.0064135,-0.058303
-0.0054467,-0.047667
0.0061559,-0.05798
0.012602,-0.050568
0.011957,-0.056691
0.022915,-0.056691
0.021304,-0.057658
0.012602,-0.051857
0.0097011,-0.056691
0.0097011,-0.050245
0.0045444,-0.057014
0.0013215,-0.047345
-0.00093455,-0.056369
0.0061559,-0.052824
0.014858,-0.060559
3.2327e-05,-0.053791
-0.0028683,-0.054435
0.0022884,-0.044444
0.0097011,-0.056047
0.0084119,-0.057336
0.0093788,-0.060881
0.014213,-0.054757
0.0068005,-0.054757
-0.0051244,-0.050568
-0.0099588,-0.052824
0.0026107,-0.047989
-0.0038352,-0.053468
-0.012859,-0.051857
-0.014471,-0.060881
-0.012215,-0.055402
-0.0044798,-0.052824
-0.0022237,-0.051535
-0.00093455,-0.054435
-0.0057689,-0.05089
-0.01995,-0.052824
-0.033486,-0.050568
-0.024784,-0.056047
-0.008025,-0.051857
-0.002546,-0.056369
-0.0015791,-0.050245
-0.00093455,-0.051857
-0.00093455,-0.053468
-0.0022237,-0.060559
0.0061559,-0.053791
0.0087342,-0.054435
0.021948,-0.049278
0.018725,-0.052501
0.014213,-0.053468
0.0090565,-0.056691
0.0074451,-0.054435
0.0045444,-0.057336
-0.00028997,-0.053468
0.00067691,-0.053146
0.0016438,-0.055724
0.0038998,-0.054757
0.0038998,-0.05089
-0.00028997,-0.051535
0.0022884,-0.055402
0.0068005,-0.059592
0.0087342,-0.053791
0.0080897,-0.049923
0.0074451,-0.048634
0.010346,-0.053791
0.0087342,-0.054435
-0.00061226,-0.056369
3.2327e-05,-0.056691
-0.00061226,-0.05798
-0.0099588,-0.053791
-0.011893,-0.053791
-0.012537,-0.052501
-0.012859,-0.051857
-0.0073804,-0.057014
-0.00061226,-0.054435
-0.0019014,-0.053146
-0.0083473,-0.055402
-0.017049,-0.05508
-0.028974,-0.051535
-0.011893,-0.054113
-0.0060912,-0.056369
-0.0083473,-0.054113
-0.0051244,-0.057658
-0.0015791,-0.05927
-0.0083473,-0.052179
-0.0051244,-0.049923
0.0038998,-0.054435
0.015825,-0.058303
0.022915,-0.056369
0.014213,-0.058303
0.010346,-0.052824
0.01099,-0.052824
0.012602,-0.049601
0.0087342,-0.052179
0.0016438,-0.057336
0.0026107,-0.059592
-0.00028997,-0.051857
0.0058336,-0.056047
0.0032553,-0.054435
0.014536,-0.057658
0.011635,-0.051535
0.010023,-0.052501
0.011313,-0.055402
0.0080897,-0.061848
0.0090565,-0.056369
0.0087342,-0.055724
0.0048667,-0.046378
-0.0060912,-0.051212
-0.0019014,-0.048312
-0.008025,-0.056047
-0.010281,-0.057336
-0.010603,-0.057014
-0.0086696,-0.052179
-0.012215,-0.053146
-0.011893,-0.047989
-0.00061226,-0.056047
-0.0015791,-0.054435
-0.0048021,-0.058303
-0.029941,-0.051535
-0.028974,-0.055724
-0.013182,-0.048634
-0.0073804,-0.052179
-0.0067358,-0.053146
-0.0028683,-0.054435
0.00035462,-0.050568
-0.010603,-0.057336
-0.0048021,-0.057336
0.0064782,-0.055402
0.023237,-0.045089
0.016792,-0.049923
0.0093788,-0.051212
0.011635,-0.057014
0.0077674,-0.057336
0.010023,-0.061526
0.0074451,-0.054435
0.0035775,-0.053468
0.0026107,-0.048956
-0.0022237,-0.059592
-0.0019014,-0.051535
0.005189,-0.054757
0.013891,-0.050245
0.010023,-0.055402
0.0093788,-0.052179
0.0084119,-0.052501
0.0035775,-0.045733
0.0071228,-0.055402
0.01099,-0.053468
0.0074451,-0.056691
0.0090565,-0.055724
0.00035462,-0.05798
-0.0093142,-0.052179
-0.012537,-0.049601
-0.014471,-0.054113
-0.011893,-0.058303
-0.010281,-0.057014
-0.0070581,-0.059914
-0.0060912,-0.052179
-0.0054467,-0.055402
-0.0089919,-0.052824
-0.028974,-0.056047
-0.022528,-0.053146
-0.0093142,-0.057014
-0.0012568,-0.058625
-0.0022237,-0.053791
-0.008025,-0.053468
-0.0073804,-0.056047
-0.0083473,-0.051212
-0.0041575,-0.052824
0.015502,-0.056047
0.022271,-0.057658
0.011635,-0.056691
0.0084119,-0.060559
0.010023,-0.049923
0.0090565,-0.053146
0.0090565,-0.049923
0.0090565,-0.052501
0.0074451,-0.057336
0.0061559,-0.05927
0.0022884,-0.053146
-0.0051244,-0.057014
0.0064782,-0.052179
0.012279,-0.056047
0.0090565,-0.05508
0.005189,-0.053468
0.0071228,-0.05798
0.0071228,-0.058625
0.0097011,-0.054435
0.011635,-0.053468
0.0035775,-0.049923
0.011957,-0.052179
-0.0019014,-0.053468
-0.012537,-0.056691
-0.018016,-0.054435
-0.012215,-0.05089
-0.0083473,-0.052179
-0.010281,-0.051535
-0.0044798,-0.053791
-0.0012568,-0.057658
-0.0022237,-0.053468
-0.018983,-0.052824
-0.026396,-0.056369
-0.021884,-0.056047
-0.008025,-0.056047
-0.0035129,-0.049601
-0.008025,-0.054435
-0.0038352,-0.052179
-0.0019014,-0.054435
-0.010281,-0.051212
-0.012215,-0.057014
0.016792,-0.049278
0.014213,-0.05508
0.012924,-0.049601
0.010346,-0.05508
0.0080897,-0.057658
0.0045444,-0.05798
0.010023,-0.05089
0.010346,-0.055724
0.0048667,-0.048956
0.00035462,-0.05089
-0.013504,-0.051535
-0.0012568,-0.054435
0.014858,-0.055724
0.012924,-0.056369
0.0055113,-0.048634
0.0087342,-0.05508
0.01099,-0.047667
0.0071228,-0.056691
0.01099,-0.053791
0.013891,-0.056369
0.022593,-0.057336
0.0058336,-0.056369
-0.011893,-0.051212
-0.015438,-0.056691
-0.012859,-0.049601
-0.011248,-0.058303
-0.0099588,-0.054435
-0.0070581,-0.05927
-0.00061226,-0.053468
-0.0022237,-0.052824
-0.013182,-0.052501
-0.015115,-0.057336
-0.023173,-0.048956
-0.019628,-0.052501
-0.0093142,-0.051535
-0.002546,-0.058303
-0.0077027,-0.051535
-0.0073804,-0.05927
-0.0060912,-0.051212
-0.011893,-0.058303
0.005189,-0.051535
0.016469,-0.062493
0.013569,-0.052824
0.012602,-0.05927
0.0068005,-0.054113
0.0071228,-0.053146
0.005189,-0.050568
0.0064782,-0.05798
0.0080897,-0.049278
0.0022884,-0.060559
0.0022884,-0.05508
-0.010926,-0.059592
0.0038998,-0.049923
0.016469,-0.054113
0.016469,-0.049278
0.0087342,-0.056047
0.0090565,-0.052824
0.0077674,-0.060881
0.0084119,-0.053146
0.014213,-0.055724
0.020337,-0.053468
0.018403,-0.053468
-0.0031906,-0.052501
-0.016405,-0.057014
-0.015438,-0.051535
-0.0089919,-0.056369
-0.0060912,-0.047345
-0.0057689,-0.052179
-0.0070581,-0.048312
-0.0067358,-0.054435
-0.0038352,-0.054757
-0.018983,-0.054757
-0.01576,-0.051212
-0.017049,-0.058303
-0.021239,-0.052824
-0.013826,-0.057336
-0.0070581,-0.049278
-0.0096365,-0.056047
-0.0048021,-0.051857
-0.00028997,-0.056047
-0.0057689,-0.051857
0.0077674,-0.056691
0.010023,-0.045733
0.0097011,-0.054435
0.0097011,-0.048634
0.01099,-0.056691
0.012279,-0.056369
0.0097011,-0.057658
0.0071228,-0.051857
0.0048667,-0.057336
0.0016438,-0.048312
-0.013826,-0.054113
-0.010281,-0.051857
0.0077674,-0.057014
0.015502,-0.057336
0.014858,-0.057336
0.0080897,-0.051535
0.0093788,-0.053468
0.012924,-0.049278
0.0035775,-0.056047
0.0097011,-0.054113
0.02646,-0.053791
0.013246,-0.056047
-0.0054467,-0.055402
-0.0083473,-0.047345
-0.0099588,-0.053791
-0.0086696,-0.053468
-0.013182,-0.057336
-0.012215,-0.054757
-0.011248,-0.056691
-0.0099588,-0.053468
-0.017694,-0.050568
-0.015438,-0.053146
-0.01157,-0.054757
-0.016405,-0.050245
-0.019305,-0.055724
-0.011248,-0.052824
-0.0060912,-0.053146
-0.0064135,-0.054113
-0.0031906,-0.053791
-0.0022237,-0.053791
0.0068005,-0.056369
0.0058336,-0.056047
0.0097011,-0.05798
0.010023,-0.054435
0.0071228,-0.054757
0.0055113,-0.054435
0.011957,-0.049923
0.01099,-0.053791
0.011957,-0.053468
0.0087342,-0.056047
-0.0019014,-0.052179
-0.0086696,-0.057336
-0.0051244,-0.055402
0.010668,-0.050245
0.020337,-0.048312
0.014536,-0.053146
0.0080897,-0.056369
0.0077674,-0.058947
0.0093788,-0.05089
0.0045444,-0.052824
0.017758,-0.047667
0.022271,-0.054435
0.0038998,-0.050568
-0.0077027,-0.05927
-0.011248,-0.055402
-0.012215,-0.056369
-0.010281,-0.049601
-0.010281,-0.051535
-0.010281,-0.053146
-0.012537,-0.056691
-0.0073804,-0.05508
-0.016727,-0.057658
-0.011248,-0.051857
-0.0077027,-0.056691
-0.013826,-0.051212
-0.015438,-0.053468
-0.0099588,-0.052501
-0.0051244,-0.061203
-0.0089919,-0.051535
-0.0057689,-0.057014
-0.0031906,-0.053791
0.0032553,-0.053146
0.0016438,-0.048956
0.011635,-0.054435
0.014213,-0.051857
0.012602,-0.058947
0.0090565,-0.052501
0.0084119,-0.059592
0.0058336,-0.049278
0.0080897,-0.052501
0.0077674,-0.052179
-0.0077027,-0.05798
-0.0057689,-0.054435
-0.0012568,-0.057658
0.01099,-0.056691
0.017758,-0.058303
0.017758,-0.049923
0.010346,-0.056369
0.0061559,-0.048312
0.0064782,-0.059914
0.0087342,-0.05798
0.027105,-0.060559
0.017758,-0.051535
0.0032553,-0.055402
-0.0044798,-0.045089
-0.0083473,-0.053468
-0.010281,-0.054435
-0.016082,-0.060881
-0.013826,-0.052179
-0.012859,-0.056369
-0.0089919,-0.0467
-0.017371,-0.052501
-0.014471,-0.051212
-0.012215,-0.053791
-0.0099588,-0.049601
-0.014471,-0.061848
-0.016727,-0.057336
-0.010281,-0.058947
-0.0051244,-0.047345
-0.0035129,-0.05508
-0.00093455,-0.048956
0.0071228,-0.057014
-0.0015791,-0.053468
-0.0031906,-0.059592
0.0071228,-0.051535
0.010668,-0.051857
0.0077674,-0.047989
0.0087342,-0.058625
0.012279,-0.048634
0.010023,-0.060881
0.0087342,-0.054113
-0.002546,-0.057336
-0.0089919,-0.050245
-0.0028683,-0.051857
0.0016438,-0.047022
0.012924,-0.053791
0.017758,-0.054435
0.015825,-0.061526
0.0058336,-0.052501
0.0045444,-0.056691
0.010346,-0.049601
0.018725,-0.054435
0.022593,-0.049601
0.011957,-0.05508
0.0045444,-0.055402
-0.0054467,-0.059592
-0.011893,-0.052179
-0.013826,-0.051857
-0.017371,-0.048956
-0.010281,-0.056047
-0.010281,-0.051535
-0.011893,-0.059592
-0.017371,-0.054757
-0.0093142,-0.05508
-0.0054467,-0.051212
-0.0041575,-0.051535
-0.01576,-0.050568
-0.016082,-0.053791
-0.0086696,-0.052501
-0.0048021,-0.054435
-0.008025,-0.057014
3.2327e-05,-0.056369
0.0068005,-0.050568
-0.0015791,-0.054435
0.0019661,-0.050568
0.0045444,-0.057014
0.010668,-0.056047
0.0093788,-0.056047
0.0071228,-0.05798
0.0090565,-0.052501
0.0048667,-0.048634
0.0019661,-0.049601
-0.0096365,-0.050568
-0.0015791,-0.054435
0.0026107,-0.051212
0.002933,-0.055402
0.015825,-0.047989
0.01937,-0.051857
0.012602,-0.052179
0.0064782,-0.050245
0.010023,-0.053791
0.012924,-0.052501
0.020014,-0.052179
0.017436,-0.052179
0.013891,-0.053146
0.0022884,-0.049601
-0.011248,-0.05508
-0.014471,-0.054757
-0.011893,-0.056369
-0.013504,-0.055402
-0.0099588,-0.054435
-0.010281,-0.052501
-0.02414,-0.055724
-0.013504,-0.053146
-0.0044798,-0.049923
-0.0041575,-0.057014
-0.0070581,-0.054757
-0.014149,-0.053146
-0.018016,-0.053468
-0.0086696,-0.048312
-0.0041575,-0.051212
-0.0041575,-0.052179
0.01099,-0.056369
0.0026107,-0.05798
-0.0096365,-0.057336
-0.0038352,-0.053791
0.0038998,-0.058625
0.0093788,-0.053468
0.013246,-0.057014
0.0097011,-0.05089
0.0038998,-0.058947
0.0064782,-0.054435
0.00067691,-0.054113
-0.0051244,-0.051535
-0.00093455,-0.056047
-0.00061226,-0.053468
0.0016438,-0.053468
0.014858,-0.051857
0.017114,-0.053468
0.014858,-0.052824
0.012602,-0.057336
0.0093788,-0.053468
0.017436,-0.052179
0.0097011,-0.048634
0.01099,-0.054113
0.010023,-0.058303
0.0035775,-0.056047
-0.0099588,-0.055402
-0.014149,-0.058625
-0.012215,-0.0467
-0.015438,-0.054757
-0.011893,-0.048634
-0.014471,-0.058303
-0.020272,-0.053791
-0.0099588,-0.057014
-0.0038352,-0.051212
-0.0038352,-0.057658
-0.0077027,-0.049278
-0.019305,-0.053791
-0.020272,-0.049278
-0.008025,-0.056047
-0.00093455,-0.058947
0.0058336,-0.056369
0.011313,-0.051212
0.0042221,-0.053791
-0.0096365,-0.046378
-0.0044798,-0.057014
0.0071228,-0.05089
0.010346,-0.05508
0.0045444,-0.05089
0.0068005,-0.055724
0.0071228,-0.047345
0.0045444,-0.057336
-0.0057689,-0.052824
-0.0012568,-0.056047
0.0058336,-0.050568
0.0055113,-0.058303
0.0019661,-0.049601
0.010668,-0.05927
0.014536,-0.049923
0.011957,-0.057014
0.0071228,-0.054435
0.0097011,-0.055402
0.024204,-0.05508
0.013569,-0.060559
0.013891,-0.054113
0.011957,-0.052501
0.00035462,-0.051857
-0.0044798,-0.05508
-0.0099588,-0.050568
-0.016405,-0.059592
-0.018016,-0.053791
-0.012215,-0.058303
-0.024462,-0.047345
-0.014793,-0.055724
-0.0044798,-0.048956
-0.0015791,-0.055724
-0.0051244,-0.05089
-0.0099588,-0.058947
-0.01576,-0.054757
-0.018338,-0.057336
-0.0096365,-0.051857
-0.0067358,-0.052501
0.0064782,-0.054113
0.0022884,-0.05798
-0.0051244,-0.049278
-0.0089919,-0.057658
-0.00028997,-0.052501
0.0087342,-0.056047
0.010668,-0.048956
0.0071228,-0.055724
0.011957,-0.054435
0.0097011,-0.055402
-0.0028683,-0.051857
-0.00093455,-0.053468
0.005189,-0.048634
0.0035775,-0.052824
0.0032553,-0.047989
0.0022884,-0.052501
0.011635,-0.053468
0.013569,-0.060559
0.014858,-0.05508
0.0084119,-0.052179
0.021304,-0.049278
0.016147,-0.050568
0.0045444,-0.052824
0.0068005,-0.055402
0.0064782,-0.052824
-0.0012568,-0.059592
-0.0093142,-0.053468
-0.010603,-0.055724
-0.011893,-0.051857
-0.01157,-0.051535
-0.018338,-0.054435
-0.022528,-0.061526
-0.011893,-0.056369
-0.0038352,-0.057014
-0.0019014,-0.051212
-0.0012568,-0.049278
-0.008025,-0.051212
-0.016405,-0.058625
-0.016405,-0.058947
-0.0035129,-0.058303
0.012279,-0.049601
0.0084119,-0.057336
-0.0031906,-0.051857
-0.0083473,-0.051857
-0.010281,-0.055402
0.00067691,-0.054757
0.005189,-0.057658
0.0055113,-0.057014
0.0035775,-0.055724
0.0042221,-0.052501
0.0061559,-0.054435
-0.0031906,-0.052824
0.0032553,-0.052824
0.0061559,-0.058947
0.002933,-0.056047
0.00099921,-0.05089
0.0048667,-0.050245
0.015502,-0.051535
0.016147,-0.052824
0.014536,-0.054435
0.014536,-0.053468
0.021948,-0.054435
0.014536,-0.052179
0.0093788,-0.051857
0.011635,-0.048956
0.011313,-0.053146
0.00099921,-0.053791
-0.0077027,-0.057014
-0.010603,-0.058303
-0.010926,-0.055402
-0.013504,-0.052824
-0.023817,-0.047989
-0.020272,-0.054757
-0.011248,-0.051857
-0.0019014,-0.05927
-0.0031906,-0.051857
-0.0064135,-0.055402
-0.0093142,-0.052501
-0.017694,-0.052824
-0.017049,-0.052501
-0.0070581,-0.05508
0.0093788,-0.054113
3.2327e-05,-0.059914
-0.0060912,-0.057336
-0.0093142,-0.058303
-0.011893,-0.05508
-0.002546,-0.050568
0.0038998,-0.050568
0.010346,-0.059592
0.0090565,-0.055724
0.0097011,-0.055402
-0.0070581,-0.053791
-0.0019014,-0.057658
0.0071228,-0.053146
0.0084119,-0.055724
0.0045444,-0.056047
0.0026107,-0.058303
0.0019661,-0.055724
0.01518,-0.054113
0.020337,-0.051857
0.016147,-0.049601
0.021948,-0.047667
0.017436,-0.056691
0.0080897,-0.050568
0.0058336,-0.055402
0.010023,-0.051857
0.0084119,-0.05927
-0.0012568,-0.048634
-0.0041575,-0.054435
-0.010281,-0.050568
-0.013504,-0.05508
-0.02414,-0.055724
-0.02414,-0.057336
-0.01576,-0.05089
-0.0077027,-0.051857
3.2327e-05,-0.049601
-0.00028997,-0.05089
-0.0044798,-0.052501
-0.0083473,-0.056047
-0.018016,-0.051212
-0.018016,-0.056691
0.0061559,-0.048956
0.0074451,-0.055724
-0.0070581,-0.0467
-0.0073804,-0.059592
-0.0054467,-0.056691
-0.0093142,-0.054757
-0.0031906,-0.052179
0.0045444,-0.054757
0.010346,-0.050245
0.01099,-0.051857
0.0074451,-0.047989
-0.0041575,-0.057658
0.0019661,-0.056369
0.010023,-0.058947
0.0080897,-0.053468
0.0042221,-0.055724
0.00099921,-0.051212
0.00099921,-0.056047
0.01099,-0.049923
0.013569,-0.057014
0.021948,-0.051212
0.018403,-0.055402
0.011313,-0.054435
0.0035775,-0.05508
0.0061559,-0.048312
0.0087342,-0.054757
0.010668,-0.053468
0.00035462,-0.056047
-0.0070581,-0.050245
-0.012537,-0.053146
-0.012215,-0.046056
-0.024462,-0.056047
-0.017049,-0.051535
-0.0083473,-0.056047
-0.0051244,-0.054113
-0.002546,-0.055724
-0.00093455,-0.050568
-0.0044798,-0.057336
-0.0096365,-0.047667
-0.015438,-0.050568
-0.015115,-0.049601
0.0077674,-0.056369
0.0048667,-0.056369
-0.0038352,-0.052501
-0.0044798,-0.053791
-0.011893,-0.053468
-0.012537,-0.048956
-0.0012568,-0.055724
0.0055113,-0.051535
0.0077674,-0.052501
0.0077674,-0.051535
-0.0028683,-0.05798
0.0026107,-0.049278
0.0077674,-0.050568
0.0068005,-0.049923
0.005189,-0.054435
0.005189,-0.052501
0.00099921,-0.059592
0.005189,-0.056369
0.019048,-0.052824
0.02356,-0.048956
0.028072,-0.051535
0.011635,-0.055724
0.0084119,-0.05798
0.0071228,-0.05927
0.0045444,-0.056047
0.010668,-0.054435
0.0087342,-0.053468
-0.0031906,-0.053146
-0.0070581,-0.053468
-0.011248,-0.052824
-0.024462,-0.054757
-0.027363,-0.053468
-0.01995,-0.053468
-0.012859,-0.052501
-0.0064135,-0.056369
-0.0019014,-0.050245
-0.00093455,-0.056047
-0.0054467,-0.059592
-0.012537,-0.052824
-0.017694,-0.051857
-0.0012568,-0.050568
0.0032553,-0.047989
-0.0012568,-0.055402
-0.0077027,-0.054113
-0.0041575,-0.055724
-0.0038352,-0.055724
-0.012537,-0.051857
-0.0028683,-0.054757
0.0013215,-0.050245
0.0087342,-0.048956
0.002933,-0.050245
-0.002546,-0.060559
0.0035775,-0.053146
0.0071228,-0.052824
0.014858,-0.048312
0.01099,-0.05089
0.0038998,-0.047989
0.0016438,-0.057336
0.0022884,-0.057336
0.016469,-0.055724
0.024204,-0.051857
0.024527,-0.054757
0.010346,-0.052179
0.0093788,-0.050568
0.002933,-0.054113
0.0035775,-0.059914
0.01099,-0.056691
0.010346,-0.053146
-0.0015791,-0.055402
-0.0073804,-0.05508
-0.010926,-0.049923
-0.024784,-0.056691
-0.014793,-0.050568
-0.0093142,-0.060236
-0.0073804,-0.057014
-0.008025,-0.057336
-0.0057689,-0.051212
0.00067691,-0.057658
-0.0044798,-0.051535
-0.010281,-0.05798
-0.012215,-0.054435
-0.0028683,-0.056691
-0.0015791,-0.05508
-0.0035129,-0.05798
-0.0057689,-0.044122
-0.0031906,-0.051535
-0.0083473,-0.048956
-0.014471,-0.055724
-0.0044798,-0.055724
0.0080897,-0.05798
0.0093788,-0.052179
-0.0051244,-0.05798
3.2327e-05,-0.048956
0.005189,-0.056047
0.0084119,-0.05089
0.011957,-0.057014
0.010346,-0.052824
0.0045444,-0.05508
0.0013215,-0.050568
0.0042221,-0.057658
0.018081,-0.051212
0.031939,-0.054757
0.017758,-0.052824
0.005189,-0.060236
0.0048667,-0.049278
0.0038998,-0.058625
0.0055113,-0.052501
0.013246,-0.053146
0.012602,-0.047667
-0.002546,-0.058625
-0.010281,-0.053468
-0.028007,-0.05927
-0.027685,-0.054757
-0.015438,-0.052824
-0.0077027,-0.051535
-0.0070581,-0.056691
-0.0067358,-0.051535
-0.0038352,-0.058625
-0.0015791,-0.056691
-0.0035129,-0.057014
-0.011248,-0.053146
-0.0019014,-0.054113
-0.0054467,-0.048634
-0.0038352,-0.05798
-0.0070581,-0.054113
-0.0093142,-0.054757
-0.0073804,-0.049923
-0.0070581,-0.052824
-0.0086696,-0.047989
-0.0019014,-0.054113
0.0048667,-0.052501
-0.0012568,-0.057014
-0.0054467,-0.055724
0.01099,-0.055402
0.014858,-0.053146
0.014858,-0.053146
0.011635,-0.047345
0.0042221,-0.056369
0.0035775,-0.051535
0.00067691,-0.05927
0.0013215,-0.054435
0.024527,-0.057658
0.030972,-0.049601
0.012602,-0.052824
0.0045444,-0.054113
0.0071228,-0.05508
0.0084119,-0.056369
0.0093788,-0.063459
0.013569,-0.053791
0.0087342,-0.054113
-0.002546,-0.053468
-0.016727,-0.056691
-0.030586,-0.054435
-0.020594,-0.059914
-0.015438,-0.054435
-0.0064135,-0.056691
-0.0083473,-0.054113
-0.0064135,3.7209
0.011635,3.7222
0.015825,3.7154
0.0097011,-0.057658
-0.0041575,-0.05927
-0.0044798,-0.053791
-0.012215,-0.054113
-0.0073804,-0.051535
-0.0057689,-0.053468
-0.0077027,-0.049601
-0.0057689,-0.051857
-0.010926,-0.054435
-0.013504,-0.057014
-0.0031906,-0.056047
0.0035775,-0.056369
-0.0070581,-0.053146
0.002933,-0.055724
0.012279,-0.053468
0.012924,-0.056369
0.010346,-0.057336
0.010023,-0.056369
0.0093788,-0.056047
0.0055113,-0.049923
0.0026107,-0.055724
0.0038998,-0.056369
0.029039,-0.057014
0.025816,-0.057658
0.010346,-0.055724
0.0064782,-0.054113
0.0042221,-0.05089
0.0019661,-0.053791
0.0061559,-0.056047
0.01518,-0.055402
0.0093788,-0.054757
-0.0012568,-0.060559
-0.02704,-0.058625
-0.020272,-0.054435
-0.011893,-0.055402
-0.012537,-0.051212
-0.0083473,-0.054435
-0.0067358,-0.056369
-0.0054467,-0.057336
-0.0012568,-0.05508
-0.0012568,-0.058625
-0.0077027,-0.055402
-0.00093455,-0.051535
-0.0086696,-0.050245
-0.012859,-0.055724
-0.0060912,-0.053146
-0.0070581,-0.061526
-0.0086696,-0.049923
-0.00093455,-0.052179
-0.0064135,-0.0467
-0.0086696,-0.055402
0.0016438,-0.057658
-0.002546,-0.057658
-0.00093455,-0.054113
0.0045444,-0.057014
0.0074451,-0.054435
0.0071228,-0.053468
0.010346,-0.049278
0.015502,-0.055402
0.0071228,-0.053146
-0.00093455,-0.052824
-0.0022237,-0.055724
0.018081,-0.057658
0.026138,-0.048956
0.022271,-0.052179
0.012602,-0.049601
0.0042221,-0.057658
0.0055113,-0.05508
0.005189,-0.060881
0.0055113,-0.053146
0.011313,-0.057658
0.0097011,-0.047345
-0.0070581,-0.058947
-0.02414,-0.053468
-0.015438,-0.057658
-0.013826,-0.056691
-0.012537,-0.05508
-0.010281,-0.052501
-0.0089919,-0.054757
-0.0077027,-0.05089
-0.002546,-0.058947
0.00035462,-0.051857
0.0071228,-0.058947
0.0019661,-0.050245
-0.013826,-0.053791
-0.016727,-0.049923
-0.0064135,-0.054435
-0.0038352,-0.054757
-0.0060912,-0.056047
-0.0044798,-0.053468
-0.0077027,-0.055724
-0.010603,-0.047989
0.00067691,-0.057658
-0.0070581,-0.047667
-0.00028997,-0.054757
0.005189,-0.054435
0.012602,-0.061203
0.010346,-0.053791
0.0071228,-0.056047
0.0068005,-0.050568
0.0068005,-0.051857
0.0045444,-0.051212
0.0022884,-0.059592
0.016147,-0.052501
0.021626,-0.056047
0.016469,-0.05089
0.013569,-0.052179
0.0048667,-0.048956
0.0071228,-0.054113
0.0058336,-0.054113
0.0019661,-0.057336
0.0084119,-0.05798
0.0097011,-0.053791
-0.015115,-0.052501
-0.020594,-0.053468
-0.01157,-0.052179
-0.010281,-0.058303
-0.0089919,-0.053468
-0.0086696,-0.058303
-0.0089919,-0.053146
-0.0073804,-0.053468
-0.00028997,-0.050568
0.0013215,-0.051857
0.010668,-0.053791
-0.0077027,-0.054435
-0.014471,-0.05089
-0.010603,-0.053791
-0.0041575,-0.052501
-0.0067358,-0.056369
-0.0083473,-0.048634
-0.0041575,-0.051535
-0.010603,-0.053468
-0.01157,-0.054757
-0.0099588,-0.057336
-0.0048021,-0.057336
0.0077674,-0.051535
0.0093788,-0.05508
0.010346,-0.051212
0.0068005,-0.058303
0.0055113,-0.056691
0.011635,-0.059914
0.0077674,-0.057658
0.0032553,-0.050568
0.011635,-0.056691
0.012924,-0.056047
0.018725,-0.053791
0.020337,-0.052501
0.010668,-0.053146
0.005189,-0.057014
0.0055113,-0.051535
0.0032553,-0.054435
0.0048667,-0.05508
0.013569,-0.052824
0.00099921,-0.053468
-0.014471,-0.055724
-0.019305,-0.058625
-0.018016,-0.055724
-0.012859,-0.051857
-0.0099588,-0.052824
-0.0051244,-0.053468
-0.0064135,-0.054113
-0.0051244,-0.05508
-0.0015791,-0.059592
0.010346,-0.058625
0.0045444,-0.056691
-0.0086696,-0.053791
-0.016405,-0.048956
-0.016727,-0.052501
-0.0073804,-0.053468
-0.0060912,-0.05798
-0.0070581,-0.053146
-0.0067358,-0.054113
-0.011893,-0.048956
-0.012537,-0.056369
-0.013826,-0.048312
0.0042221,-0.057336
0.012279,-0.057658
0.010023,-0.055402
0.0093788,-0.050245
0.0071228,-0.053791
0.0097011,-0.050568
0.012279,-0.054113
0.0071228,-0.053468
0.010346,-0.058625
0.015502,-0.051535
0.0080897,-0.056691
0.016147,-0.053468
0.017758,-0.056691
0.012279,-0.053791
0.0090565,-0.056691
0.0080897,-0.054113
0.0084119,-0.056691
0.0055113,-0.050568
0.010346,-0.053791
-0.0093142,-0.053468
-0.016727,-0.053468
-0.013182,-0.048956
-0.0077027,-0.054435
-0.011893,-0.054757
-0.016082,-0.056369
-0.013182,-0.055402
-0.0044798,-0.057336
-0.0019014,-0.052179
-0.00093455,-0.053468
0.012924,-0.048956
-0.00061226,-0.054757
-0.015115,-0.057014
-0.020917,-0.060881
-0.013826,-0.054435
-0.002546,-0.05508
-0.0048021,-0.048312
-0.008025,-0.059592
-0.0035129,-0.056369
-0.0067358,-0.061848
-0.022206,-0.052179
-0.012859,-0.055402
0.0038998,-0.047345
0.012279,-0.051535
0.013246,-0.049278
0.01099,-0.060236
0.0068005,-0.052179
0.0071228,-0.057014
0.010346,-0.051212
0.0035775,-0.053146
0.016469,-0.053146
0.012279,-0.054435
0.0055113,-0.048956
0.018081,-0.057658
0.017114,-0.057014
0.01099,-0.057014
0.0064782,-0.045733
0.0084119,-0.055724
0.0074451,-0.050568
0.0090565,-0.054757
0.0013215,-0.059914
-0.0041575,-0.054113
-0.0077027,-0.056369
-0.0093142,-0.056691
-0.012215,-0.05089
-0.012859,-0.053791
-0.010926,-0.05089
-0.0093142,-0.055402
-0.0044798,-0.052501
-0.0022237,-0.05508
0.010346,-0.051212
0.0064782,-0.05508
-0.0019014,-0.050245
-0.017371,-0.052824
-0.015438,-0.051535
-0.011248,-0.056691
-0.010603,-0.05089
-0.010926,-0.057336
-0.0083473,-0.047667
-0.0054467,-0.049601
-0.013182,-0.048956
-0.025107,-0.055724
-0.0012568,-0.05927
0.0080897,-0.05798
0.011635,-0.056047
0.010668,-0.054757
0.011957,-0.049923
0.011313,-0.052824
0.010668,-0.057658
0.0093788,-0.060559
0.013891,-0.058625
0.012602,-0.052179
0.00099921,-0.057336
0.00035462,-0.051857
0.014213,-0.050245
0.016469,-0.05089
0.0093788,-0.051857
0.0058336,-0.056691
0.0084119,-0.054435
0.0084119,-0.057014
0.010346,-0.056691
-0.0044798,-0.049601
0.0019661,-0.053468
-0.00028997,-0.05089
-0.008025,-0.058947
-0.011893,-0.058303
-0.015115,-0.051535
-0.013182,-0.055724
-0.0086696,-0.05089
-0.0086696,-0.050245
-0.0067358,-0.05508
0.011313,-0.056369
0.0045444,-0.061848
-0.0048021,-0.056691
-0.013826,-0.053146
-0.01576,-0.049923
-0.013182,-0.05089
-0.0070581,-0.05089
-0.0054467,-0.058947
-0.0044798,-0.051857
-0.0028683,-0.054757
-0.022528,-0.052824
-0.018661,-0.055724
-0.0044798,-0.0467
0.0074451,-0.05927
0.010346,-0.057336
0.0055113,-0.05798
0.010023,-0.053146
0.010346,-0.05508
0.011313,-0.052501
0.010346,-0.050568
0.019048,-0.052179
0.011957,-0.054435
0.0042221,-0.056691
0.0026107,-0.059592
0.011957,-0.052501
0.013569,-0.052179
0.0074451,-0.050245
0.0080897,-0.056369
0.012602,-0.048956
0.010346,-0.056369
-0.0041575,-0.053468
3.2327e-05,-0.05508
0.0038998,-0.052501
-0.00093455,-0.05089
-0.0077027,-0.0467
-0.012215,-0.052501
-0.014149,-0.053468
-0.0089919,-0.058303
-0.0064135,-0.05508
-0.0093142,-0.059914
0.0061559,-0.053791
0.0022884,-0.053146
-0.0070581,-0.048634
-0.0070581,-0.059914
-0.011893,-0.053791
-0.017694,-0.056047
-0.01157,-0.049923
-0.0051244,-0.056047
-0.0044798,-0.050568
-0.0067358,-0.056047
-0.014471,-0.052501
-0.01995,-0.05798
-0.013182,-0.05798
0.0048667,-0.055402
0.010346,-0.052179
0.011957,-0.052824
0.0084119,-0.047022
0.010023,-0.055402
0.0087342,-0.050568
0.01099,-0.057336
0.018081,-0.050568
0.016469,-0.053791
0.0045444,-0.052179
-0.00093455,-0.056369
0.0013215,-0.053791
0.01518,-0.056691
0.019048,-0.051857
0.011313,-0.055724
0.0071228,-0.053146
0.0061559,-0.054435
0.0055113,-0.047345
-0.0067358,-0.051212
0.0080897,-0.051212
0.005189,-0.058947
-0.0022237,-0.053791
-0.0073804,-0.053468
-0.010603,-0.049923
-0.012215,-0.057014
-0.013826,-0.048956
-0.012537,-0.055402
3.2327e-05,-0.054113
0.0058336,-0.054435
-0.0035129,-0.05508
-0.0070581,-0.052179
-0.0057689,-0.050568
-0.013504,-0.056047
-0.015115,-0.053468
-0.010926,-0.055402
-0.0048021,-0.058625
-0.0044798,-0.054113
-0.0064135,-0.057014
-0.020594,-0.058303
-0.017049,-0.054757
-0.010603,-0.050568
0.0026107,-0.053146
0.0084119,-0.054435
0.011635,-0.053791
0.0093788,-0.056369
0.010346,-0.054113
0.0077674,-0.053791
0.0087342,-0.049601
0.023882,-0.054435
0.010023,-0.050245
0.0013215,-0.056691
0.00067691,-0.052824
0.0077674,-0.053468
0.014536,-0.056369
0.012279,-0.054757
0.0022884,-0.056047
0.0077674,-0.050245
0.010668,-0.05927
-0.0044798,-0.057014
-0.0028683,-0.056691
0.012602,-0.054113
0.0087342,-0.051212
-0.0051244,-0.054113
-0.0089919,-0.056369
-0.0077027,-0.06217
-0.0083473,-0.055724
-0.011248,-0.055402
-0.0093142,-0.056047
0.0058336,-0.047022
-0.00028997,-0.055402
-0.0048021,-0.056691
-0.0035129,-0.056369
-0.0073804,-0.05508
-0.016082,-0.053146
-0.017694,-0.054113
-0.0096365,-0.053791
-0.0041575,-0.045411
-0.0073804,-0.057336
-0.018661,-0.050245
-0.011248,-0.056047
-0.011248,-0.052824
-0.0067358,-0.055724
0.005189,-0.050568
0.01099,-0.057336
0.0093788,-0.052179
0.0090565,-0.056691
0.0090565,-0.051212
0.0084119,-0.057014
0.020337,-0.052824
0.017436,-0.054435
0.0080897,-0.052179
0.0064782,-0.051535
0.0022884,-0.051535
0.0032553,-0.056369
0.011957,-0.050245
0.01518,-0.056047
0.011313,-0.049278
0.0090565,-0.055724
3.2327e-05,-0.047345
-0.0077027,-0.057658
0.0045444,-0.055402
0.013891,-0.05508
0.0074451,-0.054435
-0.0073804,-0.054757
-0.01157,-0.049601
-0.010926,-0.049278
-0.012537,-0.050245
-0.011893,-0.054757
0.0022884,-0.05508
0.0045444,-0.058947
-0.0028683,-0.051212
-0.0019014,-0.052824
-0.00093455,-0.051535
-0.008025,-0.058625
-0.014793,-0.052501
-0.018338,-0.054113
-0.016405,-0.051857
-0.0077027,-0.057336
-0.0057689,-0.051535
-0.018016,-0.054113
-0.0070581,-0.048634
-0.0057689,-0.057014
-0.0051244,-0.056691
0.002933,-0.054757
0.0084119,-0.051857
0.0097011,-0.053146
0.0084119,-0.050245
0.0064782,-0.056369
0.010023,-0.050568
0.022271,-0.05508
0.014213,-0.054757
0.0045444,-0.05508
-0.00028997,-0.050568
0.0016438,-0.056369
0.0093788,-0.049278
0.017758,-0.050245
0.015825,-0.050568
0.0074451,-0.053468
0.005189,-0.057014
-0.0083473,-0.051857
-0.0035129,-0.052501
0.0058336,-0.052501
0.0087342,-0.049923
0.0022884,-0.060236
-0.0070581,-0.054113
-0.012215,-0.053468
-0.012215,-0.053791
-0.012859,-0.056691
-0.0093142,-0.051857
0.010023,-0.051857
0.00067691,-0.053468
-0.0035129,-0.054757
-0.0054467,-0.055402
-0.0054467,-0.058303
-0.010281,-0.055724
-0.018983,-0.049601
-0.012859,-0.049278
-0.0086696,-0.048956
-0.0038352,-0.054435
-0.021561,-0.057658
-0.016727,-0.056047
-0.0064135,-0.053468
-0.0051244,-0.053146
-0.0031906,-0.053468
0.005189,-0.050568
0.0097011,-0.052179
0.011635,-0.055402
0.014858,-0.052824
0.013891,-0.057336
0.022915,-0.049923
0.018403,-0.050245
0.0093788,-0.048634
-0.00061226,-0.054435
-0.00061226,-0.054113
0.00035462,-0.057014
0.0090565,-0.051212
0.015825,-0.052501
0.014213,-0.049601
0.0022884,-0.05089
-0.0070581,-0.051857
-0.0015791,-0.055724
