-0.0057689,-0.053468
-0.0070581,-0.051212
-0.010926,-0.058303
-0.014149,-0.051857
-0.026396,-0.061526
-0.020272,-0.055724
-0.011893,-0.05798
-0.0044798,-0.048956
0.00099921,-0.052824
0.00067691,-0.052179
-0.0057689,-0.05508
-0.014471,-0.054757
-0.018016,-0.057336
-0.0086696,-0.048956
0.0087342,-0.052179
0.0022884,-0.049601
-0.0048021,-0.05798
-0.011248,-0.056369
-0.0099588,-0.056047
-0.0031906,-0.053146
3.2327e-05,-0.054435
0.0064782,-0.050245
0.011313,-0.05089
0.013569,-0.05089
-0.002546,-0.058625
-0.0035129,-0.055402
0.0084119,-0.060236
0.0087342,-0.054435
0.0055113,-0.056691
0.0061559,-0.047667
0.011635,-0.053146
0.021304,-0.054757
0.018725,-0.060559
0.0090565,-0.055724
0.016469,-0.055402
0.012924,-0.049923
0.011635,-0.051535
0.0071228,-0.048312
0.010346,-0.053146
0.0055113,-0.051857
-0.0073804,-0.056047
-0.012859,-0.052824
-0.014149,-0.055402
-0.016727,-0.050245
-0.01995,-0.054757
-0.020272,-0.048634
-0.017694,-0.056047
-0.0086696,-0.052179
-0.0041575,-0.061203
-0.0028683,-0.055724
-0.0041575,-0.056047
-0.0086696,-0.05089
-0.017049,-0.052824
-0.015438,-0.05089
0.0061559,-0.057658
0.0061559,-0.056369
-0.0019014,-0.055402
-0.0048021,-0.048634
-0.010926,-0.05089
-0.01157,-0.047989
-0.0035129,-0.058625
0.0048667,-0.054435
0.0084119,-0.056047
0.0077674,-0.056047
0.0038998,-0.054435
-0.002546,-0.05089
0.0074451,-0.052179
0.012924,-0.049923
0.0097011,-0.057336
0.0074451,-0.05089
0.0080897,-0.056691
0.0064782,-0.052179
0.014213,-0.051212
0.015502,-0.047667
0.01937,-0.05089
0.018081,-0.052501
0.010668,-0.057336
0.0064782,-0.057014
0.0068005,-0.05927
0.0071228,-0.05508
0.0026107,-0.049601
-0.0067358,-0.053146
-0.012537,-0.056691
-0.015438,-0.056369
-0.014471,-0.060236
-0.025751,-0.05089
-0.015438,-0.051212
-0.010603,-0.052179
-0.008025,-0.051857
-0.0019014,-0.049923
0.0019661,-0.057658
-0.00093455,-0.057014
-0.0060912,-0.053146
-0.012859,-0.053146
-0.0070581,-0.053146
0.0061559,-0.046056
-0.00028997,-0.054757
-0.0057689,-0.053146
-0.00028997,-0.060236
-0.0051244,-0.055402
-0.011893,-0.052501
-0.0048021,-0.051535
0.0022884,-0.049601
0.0080897,-0.052824
0.0055113,-0.054435
-0.0070581,-0.058625
0.0022884,-0.053791
0.0097011,-0.051857
0.0080897,-0.05089
0.0048667,-0.050568
0.0035775,-0.054435
0.0019661,-0.049601
0.0064782,-0.054113
0.018081,-0.056369
0.018081,-0.058303
0.022271,-0.055724
0.01099,-0.049278
0.010668,-0.054435
0.0074451,-0.052824
0.0074451,-0.053468
0.014536,-0.054435
0.0022884,-0.058625
-0.008025,-0.052179
-0.013504,-0.048312
-0.018983,-0.051857
-0.028974,-0.052824
-0.020272,-0.052179
-0.01157,-0.05798
-0.0073804,-0.057658
-0.0022237,-0.05508
3.2327e-05,-0.046056
0.0048667,-0.051857
0.00035462,-0.048956
-0.0096365,-0.058303
-0.014471,-0.057336
0.0045444,-0.05927
0.0042221,-0.057336
-0.0038352,-0.048634
-0.0083473,-0.055402
-0.0057689,-0.052824
-0.012859,-0.05508
-0.015115,-0.060236
-0.00093455,-0.053146
0.0080897,-0.054757
0.0077674,-0.054757
-0.0083473,-0.050245
0.0016438,-0.048956
0.0071228,-0.054757
0.0087342,-0.054757
0.0097011,-0.055724
0.005189,-0.057658
0.0035775,-0.05508
0.0038998,-0.053791
0.0097011,-0.055724
0.018403,-0.051212
0.033873,-0.054113
0.022593,-0.051857
0.0084119,-0.062815
0.0055113,-0.048312
0.0058336,-0.053791
0.0045444,-0.051857
0.0090565,-0.05089
0.0038998,-0.055402
-0.0077027,-0.054757
-0.016405,-0.054435
-0.027685,-0.055402
-0.028007,-0.051535
-0.017371,-0.055724
-0.011248,-0.051857
-0.0067358,-0.056369
-0.0031906,-0.057014
0.0013215,-0.05798
0.0032553,-0.056691
-0.00061226,-0.061526
-0.0070581,-0.051212
0.0022884,-0.051535
0.0016438,-0.048312
-0.00061226,-0.05508
-0.0051244,-0.057658
-0.011248,-0.058947
-0.010281,-0.049278
-0.012859,-0.053468
-0.0089919,-0.053468
0.00099921,-0.052179
0.0080897,-0.056369
0.0032553,-0.061203
-0.0038352,-0.052824
0.005189,-0.055724
0.0038998,-0.051212
0.0058336,-0.054435
0.01099,-0.048956
0.005189,-0.05927
0.0016438,-0.051535
0.0061559,-0.060559
0.011635,-0.052179
0.027427,-0.053468
0.029683,-0.045733
0.011957,-0.05089
0.0045444,-0.051212
0.0077674,-0.056047
0.0061559,-0.05508
0.0071228,-0.058947
0.011313,-0.049278
0.0035775,-0.054757
-0.0077027,-0.046378
-0.011893,-0.056047
-0.025751,-0.051535
-0.020272,-0.056047
-0.017049,-0.053468
-0.012859,-0.05927
-0.010603,-0.048956
-0.0054467,-0.058625
0.00067691,-0.05089
0.002933,-0.060236
0.00035462,-0.053146
-0.0048021,-0.057336
0.00035462,-0.049923
-0.0048021,-0.051857
-0.0083473,-0.048312
-0.0054467,-0.058947
-0.0073804,-0.048956
-0.0057689,-0.055402
-0.0067358,-0.051212
-0.011248,-0.057336
-0.0038352,-0.051212
0.0022884,-0.058947
-0.0073804,-0.054113
0.0061559,-0.057658
0.010668,-0.051535
0.0077674,-0.060881
0.0093788,-0.057658
0.0080897,-0.054757
0.0055113,-0.052824
0.0074451,-0.051857
0.0068005,-0.049601
0.0093788,-0.052501
0.028072,-0.054435
0.023882,-0.059914
0.0074451,-0.051857
0.0042221,-0.053791
0.0068005,-0.050568
0.0032553,-0.058303
0.0055113,-0.055724
0.0084119,-0.060236
-0.00028997,-0.051212
-0.008025,-0.056369
-0.024784,-0.054113
-0.022206,-0.054757
-0.013182,-0.047345
-0.0099588,-0.057658
-0.0086696,-0.054435
-0.0077027,-0.061848
3.2327e-05,-0.055402
3.2327e-05,-0.056691
0.00067691,-0.05089
-0.0015791,-0.049601
0.00067691,-0.047989
-0.0073804,-0.058625
-0.008025,-0.055402
-0.0031906,-0.053791
-0.0057689,-0.049601
-0.0067358,-0.051212
-0.0022237,-0.050568
-0.010926,-0.053791
-0.012537,-0.053468
-0.00061226,-0.060881
-0.0070581,-0.057658
-0.00093455,-0.056691
0.0068005,-0.055402
0.013891,-0.050568
0.0087342,-0.055724
0.011313,-0.057336
0.0071228,-0.056369
0.0026107,-0.058947
0.0032553,-0.055402
0.0064782,-0.051535
0.025171,-0.051857
0.026783,-0.056691
0.018403,-0.057336
0.0048667,-0.05927
0.0032553,-0.051857
0.0071228,-0.061526
0.0064782,-0.055402
0.0055113,-0.054113
0.0071228,-0.055402
-0.00061226,-0.054113
-0.018661,-0.056047
-0.020594,-0.058625
-0.012215,-0.056047
-0.012859,-0.050245
-0.013504,-0.056369
-0.012215,-0.053468
-0.010281,-0.055402
-0.0070581,-0.056369
-0.0028683,-0.058625
-0.00028997,-0.053468
0.010346,-0.051212
-0.0028683,3.7232
-0.0022237,3.7174
0.0019661,-0.056369
-0.002546,-0.056691
0.00099921,-0.056691
-0.0044798,-0.051212
-0.0067358,-0.052501
-0.010926,-0.051212
-0.010926,-0.050245
-0.0070581,-0.055724
-0.0041575,-0.056047
0.0061559,-0.060881
0.0090565,-0.055724
0.010023,-0.054435
0.0084119,-0.050245
0.0090565,-0.054113
0.0093788,-0.048956
0.0055113,-0.059914
0.0071228,-0.052501
0.012602,-0.05508
0.018081,-0.053468
0.020014,-0.057014
0.017758,-0.055402
0.0087342,-0.05798
0.0071228,-0.050568
0.0077674,-0.059914
0.0058336,-0.057658
0.0068005,-0.05927
0.011313,-0.054113
0.005189,-0.054113
-0.016727,-0.048634
-0.017371,-0.051857
-0.014793,-0.050568
-0.011893,-0.061848
-0.01157,-0.053146
-0.011893,-0.056369
-0.010926,-0.051212
-0.0044798,-0.053791
-0.0028683,-0.050568
0.0068005,-0.057658
0.010668,-0.05508
-0.0096365,-0.056691
-0.013826,-0.053468
-0.0089919,-0.053468
-0.0048021,-0.047022
-0.0054467,-0.060236
-0.0060912,-0.050568
-0.0093142,-0.055724
-0.0089919,-0.054113
-0.0099588,-0.060236
-0.015115,-0.049278
-0.00093455,-0.052501
0.0084119,-0.048956
0.011313,-0.052501
0.012924,-0.058947
0.012602,-0.05798
0.010668,-0.053146
0.0074451,-0.05927
0.0048667,-0.048956
0.0035775,-0.052824
0.019048,-0.051212
0.020659,-0.056047
0.019048,-0.053146
0.016792,-0.057658
0.0093788,-0.048634
0.010668,-0.057658
0.010023,-0.048312
0.0048667,-0.052824
0.0064782,-0.048634
0.0074451,-0.057014
-0.020272,-0.057014
-0.018338,-0.05927
-0.012215,-0.05089
-0.01157,-0.056047
-0.016082,-0.049923
-0.015438,-0.05927
-0.012215,-0.052179
-0.010926,-0.056369
-0.0067358,-0.051212
-0.002546,-0.055402
0.014858,-0.053468
0.0077674,-0.059914
-0.0070581,-0.049923
-0.012859,-0.055402
-0.0096365,-0.052824
-0.0073804,-0.06217
-0.0028683,-0.053146
-0.00028997,-0.056691
0.00099921,-0.052501
-0.0096365,-0.061526
-0.024784,-0.049923
-0.015115,-0.060881
0.0019661,-0.053791
0.0084119,-0.05927
0.011313,-0.053791
0.011957,-0.052501
0.0074451,-0.052501
0.0038998,-0.060881
0.0013215,-0.053791
0.0058336,-0.057336
0.021304,-0.055402
0.013569,-0.059914
0.013246,-0.049278
0.018725,-0.052501
0.015825,-0.047667
0.005189,-0.055402
0.0074451,-0.057336
0.0087342,-0.057014
0.0038998,-0.047989
0.0074451,-0.053146
0.00067691,-0.050245
-0.010926,-0.051212
-0.011893,-0.054757
-0.012859,-0.061526
-0.013182,-0.056691
-0.013182,-0.052824
-0.01157,-0.053146
-0.0099588,-0.055724
-0.0064135,-0.054757
-0.00061226,-0.058303
0.011313,-0.051212
0.010023,-0.05798
0.00035462,-0.057658
-0.014149,-0.055402
-0.016727,-0.050245
-0.0099588,-0.052501
-0.0044798,-0.056691
-0.0064135,-0.054435
-0.008025,-0.058625
-0.0041575,-0.05927
-0.010603,-0.053146
-0.018016,-0.050568
-0.0022237,-0.054435
0.0087342,-0.056047
0.0084119,-0.056691
0.0087342,-0.058625
0.013246,-0.053468
0.0097011,-0.052501
0.012602,-0.048956
0.0090565,-0.050568
0.013891,-0.053468
0.017758,-0.057014
0.0097011,-0.060881
0.0093788,-0.057336
0.0093788,-0.051535
0.01099,-0.052824
0.0013215,-0.050245
0.0016438,-0.054435
0.0071228,-0.053146
0.0058336,-0.055724
0.010023,-0.054435
-0.0051244,-0.058303
-0.0093142,-0.051212
-0.010603,-0.05508
-0.0099588,-0.056047
-0.011893,-0.053791
-0.013504,-0.052179
-0.0083473,-0.058947
-0.0086696,-0.056369
-0.01157,-0.055402
-0.0031906,-0.054757
0.01099,-0.05089
0.00035462,-0.054757
-0.0067358,-0.058303
-0.01576,-0.055724
-0.017371,-0.052179
-0.0057689,-0.052501
-0.0064135,-0.053468
-0.0048021,-0.051535
-0.0012568,-0.054113
-0.0019014,-0.057336
-0.021239,-0.058625
-0.016727,-0.052824
-0.00028997,-0.05798
0.0087342,-0.056047
0.0074451,-0.051857
0.011313,-0.056047
0.0074451,-0.048634
0.012279,-0.055724
0.011635,-0.05508
0.0074451,-0.054757
0.01937,-0.051535
0.013891,-0.051535
0.0084119,-0.050245
0.013246,-0.051212
0.01518,-0.053468
0.013569,-0.056047
0.0064782,-0.049923
0.0084119,-0.05798
0.010023,-0.048312
0.0038998,-0.052824
-0.0070581,-0.048312
-0.0031906,-0.054113
-0.0041575,-0.053791
-0.0086696,-0.059914
-0.0077027,-0.05508
-0.014471,-0.057336
-0.01576,-0.046378
-0.011248,-0.05798
-0.0099588,-0.054757
-0.012215,-0.059914
0.0061559,-0.05508
0.0074451,-0.053468
0.0035775,-0.053791
-0.0028683,-0.051857
-0.01576,-0.047667
-0.020272,-0.054435
-0.0099588,-0.05089
-0.002546,-0.05927
-0.0028683,-0.055724
-0.0028683,-0.057014
-0.016405,-0.050568
-0.02414,-0.056047
-0.012859,-0.048312
0.0019661,-0.058947
0.0055113,-0.056047
0.0061559,-0.057014
0.01099,-0.056369
0.012924,-0.053468
0.012279,-0.048634
0.010346,-0.055402
0.022915,-0.048956
0.013891,-0.057336
0.0058336,-0.051212
0.0064782,-0.053791
0.011313,-0.049601
0.012279,-0.056369
0.01099,-0.051535
0.0055113,-0.054113
0.0093788,-0.053146
0.010023,-0.055402
-0.0028683,-0.049601
0.00067691,-0.054113
0.0068005,-0.046056
-0.0012568,-0.057658
-0.0070581,-0.052501
-0.01157,-0.056369
-0.014793,-0.056691
-0.017694,-0.054435
-0.012537,-0.052824
-0.01157,-0.056369
-0.0012568,-0.050245
0.0019661,-0.053146
0.00067691,-0.052179
0.00035462,-0.054435
-0.002546,-0.051857
-0.012215,-0.059914
-0.017049,-0.053468
-0.008025,-0.058625
-0.00061226,-0.048956
-0.0019014,-0.056691
-0.0067358,-0.050568
-0.019628,-0.055402
-0.012859,-0.052179
-0.0060912,-0.059592
-0.00028997,-0.047667
0.0068005,-0.054113
0.0087342,-0.047667
0.011957,-0.057658
0.011635,-0.051857
0.011957,-0.05927
0.014858,-0.056369
0.01937,-0.055402
0.0055113,-0.046378
0.0026107,-0.056691
0.0026107,-0.05089
0.017114,-0.060881
0.023882,-0.055402
0.015502,-0.057014
0.0048667,-0.051212
0.0048667,-0.052501
0.005189,-0.052824
-0.0089919,-0.059914
-0.0022237,-0.056369
0.0061559,-0.05798
0.0013215,-0.052824
-0.0073804,-0.051857
-0.010603,-0.047345
-0.012215,-0.053468
-0.012859,-0.054435
-0.0054467,-0.055724
-0.0041575,-0.052501
0.010668,-0.05508
0.0032553,-0.048634
-0.0022237,-0.05508
-0.0044798,-0.050245
-0.0096365,-0.05927
-0.018338,-0.052824
-0.019628,-0.055724
-0.01157,-0.051857
-0.0067358,-0.058625
-0.0038352,-0.047022
-0.016082,-0.050245
-0.018338,-0.051212
-0.013182,-0.052501
-0.0073804,-0.056047
0.0013215,-0.05508
0.0068005,-0.049601
0.0087342,-0.051212
0.012279,-0.049278
0.010023,-0.053146
0.0087342,-0.053146
0.022271,-0.057658
0.014213,-0.050568
0.0080897,-0.052824
0.0061559,-0.054113
0.0013215,-0.05508
0.014858,-0.051857
0.020337,-0.05508
0.014213,-0.052501
0.0071228,-0.058303
0.0045444,-0.05089
-0.0044798,-0.055402
-0.0022237,-0.051535
0.012924,-0.057336
0.0084119,-0.053146
-0.0067358,-0.057014
-0.0093142,-0.05089
-0.0096365,-0.053791
-0.010281,-0.052179
-0.010281,-0.052824
-0.0093142,-0.051857
0.0045444,-0.053791
0.0022884,-0.057014
-0.0015791,-0.053791
-0.0048021,-0.058303
-0.0064135,-0.058303
-0.0093142,-0.053468
-0.015115,-0.05089
-0.015438,-0.048956
-0.0064135,-0.05508
-0.0031906,-0.059914
-0.014471,-0.053791
-0.016405,-0.054757
-0.0096365,-0.052501
-0.0060912,-0.049601
-0.00028997,-0.05508
0.0045444,-0.051212
0.005189,-0.054757
0.0042221,-0.054435
0.011313,-0.054435
0.01099,-0.053146
0.021626,-0.052824
0.022271,-0.054757
0.0048667,-0.053146
0.002933,-0.054435
0.0058336,-0.058303
0.0055113,-0.056691
0.014213,-0.051212
0.018725,-0.050245
0.013891,-0.048312
0.002933,-0.053791
0.0042221,-0.057336
-0.0073804,-0.057014
0.00035462,-0.053791
0.0093788,-0.053791
0.0061559,-0.053791
-0.0067358,-0.053146
-0.011893,-0.051212
-0.011893,-0.052179
-0.012215,-0.054113
-0.012215,-0.058625
0.00067691,-0.05089
0.0048667,-0.052501
-0.0067358,-0.049923
-0.0057689,-0.051857
-0.0031906,-0.052179
-0.00093455,-0.056369
-0.0048021,-0.05089
-0.013826,-0.053146
-0.014793,-0.052179
-0.0031906,-0.052824
-0.0035129,-0.050245
-0.021239,-0.05508
-0.0099588,-0.057658
-0.0083473,-0.058625
-0.012537,-0.05508
-0.0041575,-0.052179
0.0038998,-0.048956
0.0090565,-0.054113
0.010668,-0.051857
0.0093788,-0.057014
0.0097011,-0.054757
0.024527,-0.060881
0.018081,-0.05508
0.0084119,-0.053468
0.00099921,-0.054757
0.0022884,-0.05089
0.0042221,-0.050245
0.015825,-0.054435
0.014858,-0.057658
0.0084119,-0.056691
0.0068005,-0.049278
-0.0015791,-0.057336
-0.0012568,-0.048956
0.00035462,-0.052501
0.0097011,-0.050568
0.005189,-0.059592
-0.0054467,-0.052501
-0.010281,-0.054757
-0.011248,-0.047989
-0.011893,-0.05089
-0.012215,-0.05089
0.0061559,-0.053468
0.00067691,-0.051212
-0.0035129,-0.054435
-0.0031906,-0.054113
-0.0031906,-0.052501
-0.00028997,-0.046056
-0.0064135,-0.056369
-0.014793,-0.056369
-0.01576,-0.059914
-0.0064135,-0.056369
-0.017371,-0.053791
-0.017049,-0.052179
-0.0057689,-0.054435
-0.0060912,-0.050245
-0.010603,-0.062815
-0.0070581,-0.05089
0.0022884,-0.061848
0.010023,-0.055724
0.010023,-0.05508
0.0087342,-0.047989
0.023237,-0.054435
0.020659,-0.057336
0.011957,-0.060881
0.0042221,-0.057014
0.0022884,-0.058625
0.0042221,-0.050245
0.0038998,-0.051535
0.014858,-0.052501
0.012279,-0.060559
0.0087342,-0.055724
-0.0031906,-0.05798
-0.0012568,-0.053468
0.0013215,-0.054435
0.0038998,-0.049278
0.0087342,-0.053468
0.0042221,-0.051212
-0.0038352,-0.054113
-0.0070581,-0.053468
-0.0096365,-0.059592
-0.013182,-0.049923
0.00067691,-0.058625
0.0035775,-0.047667
-0.0077027,-0.054435
-0.0057689,-0.049923
-0.0038352,-0.060881
-0.0064135,-0.054435
-0.0028683,-0.055724
-0.0051244,-0.053791
-0.017371,-0.056047
-0.018661,-0.049923
-0.0064135,-0.057336
-0.018983,-0.050568
-0.012215,-0.05798
-0.0031906,-0.051535
-0.0073804,-0.055724
-0.0077027,-0.054113
0.00099921,-0.052179
0.0061559,-0.052824
0.0090565,-0.061526
0.011313,-0.05508
0.020014,-0.056047
0.017114,-0.054113
0.012924,-0.05798
0.0097011,-0.051857
0.00099921,-0.056691
-0.00061226,-0.053791
0.0042221,-0.055724
0.0068005,-0.05508
0.020014,-0.058947
0.022271,-0.05089
0.012602,-0.056369
-0.01157,-0.052824
-0.00061226,-0.053468
0.0061559,-0.051535
0.010023,-0.058625
0.011635,-0.051212
0.0022884,-0.052501
-0.0089919,-0.05089
-0.011893,-0.055402
-0.011248,-0.054113
-0.010603,-0.056047
0.0022884,-0.05508
-0.0077027,-0.054435
-0.0096365,-0.048956
-0.0051244,-0.051857
-0.00093455,-0.053468
-0.0015791,-0.055402
-0.0015791,-0.054435
-0.010281,-0.05927
-0.018661,-0.052824
-0.012215,-0.053146
-0.017049,-0.053146
-0.017049,-0.053146
-0.010926,-0.051535
-0.0044798,-0.055402
-0.0089919,-0.053146
-0.0086696,-0.060236
-0.00028997,-0.051857
0.0064782,-0.055724
0.0097011,-0.056691
0.0061559,-0.054757
0.024204,-0.052501
0.018403,-0.058947
0.011957,-0.057658
0.0071228,-0.058625
0.005189,-0.056047
0.0084119,-0.052501
0.0061559,-0.052501
0.0048667,-0.05798
0.016469,-0.056047
0.022593,-0.053791
0.0035775,-0.057014
-0.0044798,-0.056691
0.0019661,-0.048312
0.002933,-0.051857
0.005189,-0.056047
0.011957,-0.052501
0.0026107,-0.052824
-0.0077027,-0.056691
-0.0089919,-0.057014
-0.011893,-0.055724
0.00067691,-0.049278
-0.0012568,-0.056691
-0.0089919,-0.052501
-0.010926,-0.053791
-0.0077027,-0.054435
-0.0015791,-0.054113
0.00067691,-0.057014
-0.0022237,-0.05508
-0.0086696,-0.051212
-0.018338,-0.049601
-0.02414,-0.054113
-0.017049,-0.054113
-0.0064135,-0.057658
-0.0015791,-0.050245
-0.0031906,-0.051212
-0.0093142,-0.05089
-0.010603,-0.054113
-0.0015791,-0.053468
0.0048667,-0.05798
0.0064782,-0.057336
0.017758,-0.058303
0.019048,-0.052501
0.012924,-0.056047
0.011635,-0.052501
0.0087342,-0.058947
0.00067691,-0.05798
0.0032553,-0.053791
0.0026107,-0.056047
0.005189,-0.053468
0.014858,-0.047345
0.018725,-0.051212
0.00067691,-0.049601
0.0019661,-0.057014
0.0090565,-0.056369
0.010023,-0.058625
0.010346,-0.056369
0.016469,-0.057658
0.005189,-0.047345
-0.0089919,-0.053146
-0.012537,-0.056369
-0.0073804,-0.061848
-0.0031906,-0.054757
-0.0096365,-0.056691
-0.0077027,-0.048634
-0.0051244,-0.051857
-0.0060912,-0.048956
-0.0067358,-0.057336
-0.0035129,-0.055402
-0.0044798,-0.054757
-0.014149,-0.050568
-0.016082,-0.05508
-0.030263,-0.051535
-0.013504,-0.052824
-0.0051244,-0.052824
-0.0064135,-0.054435
0.00099921,-0.052824
-0.008025,-0.054757
-0.0077027,-0.049601
-0.0015791,-0.05508
0.0032553,-0.050568
0.010023,-0.05508
0.023882,-0.057336
0.018081,-0.056691
0.0087342,-0.056369
0.0097011,-0.05927
0.011957,-0.052179
0.0074451,-0.054435
0.0026107,-0.047345
0.0048667,-0.054757
0.010668,-0.053468
0.019692,-0.054435
0.0026107,-0.053468
-0.0015791,-0.052179
0.0035775,-0.047667
0.0064782,-0.057014
0.0061559,-0.055402
0.0077674,-0.055402
0.01099,-0.057336
0.0064782,-0.052824
-0.0035129,-0.054435
-0.01157,-0.056369
0.00067691,-0.051857
-0.0064135,-0.05508
-0.01157,-0.052179
-0.0099588,-0.054435
-0.0093142,-0.050568
-0.010281,-0.053791
-0.0057689,-0.049601
-0.0035129,-0.051857
-0.0038352,-0.048956
-0.012537,-0.05798
-0.027363,-0.054435
-0.020917,-0.060559
-0.0051244,-0.051212
-0.0012568,-0.052501
-0.0067358,-0.049278
-0.008025,-0.055402
-0.014149,-0.051535
-0.012215,-0.054757
-0.0044798,-0.056047
0.0074451,-0.057336
0.023882,-0.048956
0.014536,-0.055724
0.0077674,-0.045089
0.0055113,-0.056369
0.0093788,-0.055724
0.0071228,-0.059914
0.0022884,-0.051857
0.0042221,-0.054113
0.0058336,-0.047345
0.011957,-0.053146
0.0077674,-0.052179
0.0087342,-0.059914
0.0077674,-0.054435
0.0061559,-0.056691
0.011957,-0.055724
0.0074451,-0.054435
0.0077674,-0.047989
0.014536,-0.05798
0.0048667,-0.051212
-0.0070581,-0.061848
-0.0054467,-0.055402
-0.0051244,-0.057658
-0.01157,-0.051857
-0.012537,-0.054757
-0.010603,-0.047022
-0.012859,-0.054757
-0.0048021,-0.051535
0.00035462,-0.058303
0.0016438,-0.051535
-0.0028683,-0.053146
-0.012537,-0.051857
-0.027685,-0.057014
-0.019305,-0.053468
-0.010281,-0.059592
-0.0057689,-0.051212
-0.0077027,-0.059592
-0.0044798,-0.056369
-0.0073804,-0.055402
-0.0044798,-0.047989
0.0042221,-0.056047
0.015502,-0.053791
0.022593,-0.05508
0.011313,-0.054757
0.0058336,-0.055724
0.0042221,-0.051857
0.0077674,-0.054757
0.0097011,-0.050568
0.0055113,-0.055402
0.0064782,-0.056691
0.0080897,-0.057014
0.0084119,-0.054757
0.0013215,-0.058947
0.0087342,-0.050568
0.0084119,-0.055724
0.0064782,-0.051212
0.0090565,-0.057014
0.0074451,-0.052179
0.0097011,-0.055402
0.011313,-0.052179
0.00099921,-0.054435
-0.0099588,-0.048312
-0.0022237,-0.053468
-0.0073804,-0.053468
-0.010926,-0.061526
-0.012859,-0.052501
-0.010603,-0.051535
-0.0089919,-0.048634
-0.0054467,-0.053146
-0.0022237,-0.050245
-0.00093455,-0.05508
-0.0022237,-0.05508
-0.02704,-0.060881
-0.022528,-0.051535
-0.013504,-0.055724
-0.0019014,-0.054113
-0.0019014,-0.051212
-0.0028683,-0.054435
-0.0044798,-0.058625
-0.010603,-0.057658
-0.011893,-0.057336
0.00067691,-0.052501
0.023237,-0.051857
0.017758,-0.048956
0.011313,-0.05508
0.0084119,-0.049923
0.0058336,-0.059592
0.0093788,-0.056691
0.0068005,-0.056047
0.0026107,-0.049923
0.00067691,-0.056047
0.002933,-0.053791
-0.0019014,-0.057336
0.0019661,-0.05508
0.013891,-0.05508
0.0093788,-0.054113
0.0061559,-0.056047
0.0074451,-0.049601
0.0064782,-0.050568
0.0090565,-0.051212
0.013569,-0.051857
0.0035775,-0.055402
0.0048667,-0.056369
-0.0035129,-0.050568
-0.012859,-0.052179
-0.015438,-0.055724
-0.012215,-0.052501
-0.011248,-0.050568
-0.012537,-0.055724
-0.0077027,-0.053791
0.0016438,-0.051857
0.0035775,-0.055724
-0.0057689,-0.055402
-0.026396,-0.051857
-0.019305,-0.052179
-0.010603,-0.053146
-0.0022237,-0.052824
-0.0038352,-0.055724
-0.008025,-0.055402
-0.0077027,-0.053146
-0.011248,-0.056047
-0.010603,-0.056047
0.0087342,-0.056047
0.020014,-0.052179
0.012924,-0.053791
0.010668,-0.052824
0.014213,-0.052501
0.010668,-0.054757
0.010668,-0.053146
0.0068005,-0.057014
0.0068005,-0.053468
0.0058336,-0.057658
0.0038998,-0.057014
-0.0073804,-0.050568
0.0064782,-0.049278
0.01518,-0.049278
0.010346,-0.052824
0.0077674,-0.058625
0.0087342,-0.052501
0.005189,-0.049278
0.010023,-0.049601
0.011957,-0.05089
0.0022884,-0.056047
0.00035462,-0.053791
-0.013826,-0.052824
-0.017694,-0.056369
-0.013504,-0.056369
-0.0093142,-0.052179
-0.0070581,-0.048312
-0.0089919,-0.051212
-0.002546,-0.052179
-0.0031906,-0.054757
0.00035462,-0.056047
-0.017049,-0.056047
-0.021561,-0.048956
-0.014471,-0.051535
-0.0083473,-0.050245
-0.0012568,-0.054435
-0.0044798,-0.058303
-0.0051244,-0.056369
-0.0035129,-0.053468
-0.00093455,-0.054435
-0.0035129,-0.053146
0.016469,-0.053146
0.01099,-0.048956
0.0055113,-0.054113
0.0068005,-0.052179
0.0087342,-0.057014
0.0048667,-0.054113
0.0032553,-0.054757
0.0087342,-0.054113
0.0048667,-0.052179
0.0042221,-0.051212
-0.0070581,-0.057336
0.0026107,-0.051535
0.014536,-0.052824
0.017114,-0.05089
0.010346,-0.053468
0.0090565,-0.052501
0.013569,-0.051857
0.0068005,-0.050568
0.0087342,-0.054113
0.0064782,-0.052179
0.012602,-0.060559
0.00035462,-0.051857
-0.013504,-0.052501
-0.018338,-0.052824
-0.017049,-0.059592
-0.010603,-0.054113
-0.0086696,-0.055402
-0.012215,-0.052501
-0.0048021,-0.054113
-0.0019014,-0.047667
-0.011248,-0.058303
-0.017049,-0.049278
-0.01995,-0.053146
-0.01576,-0.052501
-0.0086696,-0.054757
-0.0041575,-0.050568
-0.0067358,-0.054757
-0.0077027,-0.052824
-0.0038352,-0.055402
-0.0083473,-0.057014
0.0035775,-0.056369
0.01099,-0.057014
0.013569,-0.054435
0.014536,-0.049923
0.011635,-0.055724
0.0090565,-0.049278
0.0074451,-0.059592
0.0035775,-0.057014
0.0055113,-0.053468
0.0038998,-0.051857
0.0013215,-0.057658
-0.0077027,-0.052824
0.0080897,-0.05508
0.016792,-0.05089
0.016792,-0.056047
0.012602,-0.054435
0.011313,-0.058947
0.014213,-0.047989
0.0068005,-0.051535
0.013569,-0.049278
0.022593,-0.059592
0.01099,-0.05089
-0.0035129,-0.059592
-0.012215,-0.053791
-0.017694,-0.055402
-0.015115,-0.047345
-0.010281,-0.054113
-0.0093142,-0.052824
-0.010281,-0.058947
-0.0083473,-0.054757
-0.0067358,-0.058303
-0.015438,-0.048956
-0.011248,-0.055402
-0.015115,-0.051535
-0.016727,-0.056369
-0.011248,-0.054435
-0.0028683,-0.060881
-0.0035129,-0.053791
-0.0048021,-0.05927
-0.0031906,-0.051857
-0.0077027,-0.053468
0.0061559,-0.049923
0.0064782,-0.054113
0.0055113,-0.053791
0.0077674,-0.05798
0.010346,-0.049601
0.010346,-0.059914
0.0090565,-0.048634
0.010023,-0.054113
0.0077674,-0.052501
0.005189,-0.057014
-0.008025,-0.053468
-0.0044798,-0.054113
0.010023,-0.056047
0.017758,-0.058303
0.017114,-0.050245
0.0087342,-0.05927
0.0077674,-0.049923
0.0071228,-0.061526
0.0074451,-0.058625
0.010023,-0.059914
0.023882,-0.049923
0.0022884,-0.056369
-0.0093142,-0.048956
-0.012215,-0.052179
-0.014793,-0.053791
-0.014471,-0.05927
-0.011248,-0.050568
-0.0060912,-0.052824
-0.0064135,-0.048312
-0.0035129,-0.051212
-0.012859,-0.054113
-0.014471,-0.053791
-0.012215,-0.053791
-0.016405,-0.059592
-0.014149,-0.054435
-0.010281,-0.056691
-0.0044798,-0.047989
-0.00093455,-0.054113
-0.00093455,-0.051857
-0.0041575,-0.056369
0.0061559,-0.052179
0.0013215,-0.058625
-0.00028997,-0.050245
0.0038998,-0.051857
0.0090565,-0.050568
0.012279,-0.056047
0.01099,-0.055402
0.0087342,-0.05927
0.010023,-0.056047
0.0045444,-0.057014
-0.0067358,-0.048634
-0.0064135,-0.051212
-0.00028997,-0.049601
0.011313,-0.058947
0.017758,-0.057014
0.016147,-0.057014
0.0080897,-0.055402
0.011635,-0.051212
0.0097011,-0.053791
0.0061559,-0.060881
0.021626,-0.058303
0.022271,-0.056047
0.002933,-0.054757
-0.010603,-0.051212
-0.015438,-0.047989
-0.016082,-0.049601
-0.018338,-0.054435
-0.013504,-0.05508
-0.012215,-0.054435
-0.010603,-0.05508
-0.0048021,-0.051212
-0.017694,-0.055724
-0.0070581,-0.049923
-0.0028683,-0.053468
-0.010926,-0.056369
-0.014793,-0.056047
-0.0067358,-0.054757
-0.00028997,-0.057658
-0.002546,-0.049923
-0.0038352,-0.051535
-0.0035129,-0.053468
0.0032553,-0.05089
-0.00093455,-0.05798
0.0032553,-0.05508
0.0055113,-0.054113
0.0087342,-0.047667
0.0097011,-0.051535
0.0093788,-0.054113
0.010023,-0.055402
0.0068005,-0.055402
0.0068005,-0.056691
-0.012859,-0.057014
-0.0041575,-0.056047
0.0058336,-0.056047
0.01937,-0.053146
0.018403,-0.051535
0.014213,-0.051857
0.0061559,-0.055724
0.0042221,-0.057336
0.0061559,-0.054113
0.0022884,-0.053146
0.022271,-0.051535
0.017114,-0.057658
-0.00061226,-0.053146
-0.010926,-0.056047
-0.010926,-0.056047
-0.015115,-0.050568
-0.014149,-0.051857
-0.010603,-0.050568
-0.010281,-0.050568
-0.0093142,-0.053468
-0.021561,-0.056691
-0.014149,-0.055724
-0.0038352,-0.056047
-0.0022237,-0.054435
-0.013504,-0.048312
-0.016405,-0.054113
-0.0060912,-0.048634
0.0019661,-0.054113
-0.00028997,-0.056691
-0.0038352,-0.060236
0.0074451,-0.055724
-0.0041575,-0.057658
-0.0073804,-0.047022
0.0032553,-0.056691
0.0077674,-0.057336
0.011313,-0.059592
0.011635,-0.054757
0.0090565,-0.058947
0.0068005,-0.050568
0.0093788,-0.053468
-0.0048021,-0.050245
-0.0070581,-0.053468
0.0035775,-0.053146
0.0084119,-0.054113
0.014858,-0.052179
0.017758,-0.054113
0.017758,-0.053791
0.0080897,-0.052501
0.0084119,-0.053791
0.0074451,-0.052824
0.017758,-0.054435
0.023882,-0.054757
0.011313,-0.051535
-0.0054467,-0.054757
-0.012537,-0.051857
-0.010281,-0.057658
-0.01157,-0.052501
-0.014149,-0.056369
-0.01576,-0.055402
-0.013826,-0.060236
-0.016082,-0.054435
-0.018338,-0.057336
-0.0070581,-0.049923
3.2327e-05,-0.048634
-0.0044798,-0.052179
-0.015115,-0.061848
-0.018338,-0.05508
-0.0096365,-0.054757
-0.0044798,-0.049278
-0.0035129,-0.054113
0.0068005,-0.050245
0.0061559,-0.054757
-0.0028683,-0.055724
-0.0057689,-0.058625
-0.00028997,-0.050245
0.0058336,-0.054113
0.0084119,-0.047989
0.010668,-0.05798
0.010668,-0.050568
0.010346,-0.055724
0.0087342,-0.051535
-0.0096365,-0.052824
-0.0057689,-0.048312
0.0058336,-0.053791
0.0061559,-0.049601
0.014536,-0.058947
0.017758,-0.053791
0.013891,-0.055724
0.0038998,-0.055402
0.0080897,-0.054113
0.011635,-0.049923
0.018403,-0.056369
0.013569,-0.054435
0.0093788,-0.057336
-0.0031906,-0.055402
-0.012537,-0.056691
-0.015438,-0.050568
-0.01157,-0.056047
-0.0093142,-0.054113
-0.0096365,-0.057014
-0.0093142,-0.051535
-0.021239,-0.058303
-0.014471,-0.051857
-0.0022237,-0.058625
0.00035462,-0.054113
-0.0096365,-0.052179
-0.018016,-0.046056
-0.018338,-0.054435
-0.0038352,-0.050568
-0.0035129,-0.057336
-0.0028683,-0.050568
0.01099,-0.057658
0.00099921,-0.052824
-0.0048021,-0.054757
-0.0015791,-0.047989
0.005189,-0.056369
0.0084119,-0.054113
0.0071228,-0.055724
0.010023,-0.053146
0.010346,-0.054435
0.0090565,-0.051212
-0.0041575,-0.057336
-0.0067358,-0.054757
0.00067691,-0.059592
0.0042221,-0.049923
0.0074451,-0.055402
0.018081,-0.050245
0.018403,-0.056691
0.011957,-0.052824
0.0068005,-0.05508
0.0071228,-0.054113
0.019692,-0.054757
0.017114,-0.05089
0.01518,-0.054435
0.0048667,-0.049923
-0.010926,-0.052501
-0.013826,-0.051212
-0.016405,-0.059914
-0.013504,-0.052179
-0.0086696,-0.056047
-0.0073804,-0.048312
-0.019305,-0.054113
-0.02285,-0.0467
-0.013826,-0.057014
-0.0028683,-0.051535
0.0022884,-0.054435
-0.0083473,-0.05508
-0.015115,-0.060881
-0.013504,-0.052824
-0.0054467,-0.057658
-0.0060912,-0.047989
0.0032553,-0.056691
0.0074451,-0.053146
-0.0015791,-0.058625
-0.0064135,-0.056047
-0.0022237,-0.051535
0.0071228,-0.051857
0.0077674,-0.056691
0.0090565,-0.052824
0.0077674,-0.054435
0.0038998,-0.056369
0.0061559,-0.058303
-0.0067358,-0.054113
-0.00061226,-0.057014
0.0016438,-0.051212
0.0071228,-0.052824
0.0097011,-0.051535
0.01518,3.7119
0.029683,3.72
0.02775,-0.056047
0.012602,-0.055402
0.019692,-0.053468
0.01937,-0.049923
0.010346,-0.057658
0.0093788,-0.053468
0.002933,-0.057014
-0.0073804,-0.054435
-0.01576,-0.05798
-0.012859,-0.054435
-0.011893,-0.053468
-0.014149,-0.051535
-0.012859,-0.057658
-0.026396,-0.05798
-0.021239,-0.058947
-0.0077027,-0.054113
0.002933,-0.057014
0.0042221,-0.056047
-0.0035129,-0.057658
-0.013826,-0.051857
-0.013504,-0.054113
-0.0073804,-0.054435
-0.0044798,-0.058625
0.0093788,-0.052501
0.0016438,-0.05089
-0.0093142,-0.052179
-0.013826,-0.052824
-0.0067358,-0.056691
0.0055113,-0.054113
0.0087342,-0.054113
0.0061559,-0.054757
0.010023,-0.055724
0.0064782,-0.052501
-0.0054467,-0.05089
-0.00028997,-0.051857
0.0022884,-0.053468
0.0032553,-0.05508
0.0061559,-0.056691
0.0068005,-0.052824
0.017436,-0.050568
0.017114,-0.052179
0.012602,-0.053146
0.0087342,-0.054757
0.02646,-0.058947
0.018725,-0.053791
0.0077674,-0.053146
0.0093788,-0.053146
0.0077674,-0.057336
-0.0044798,-0.053468
-0.014149,-0.054757
-0.016082,-0.052501
-0.016727,-0.056369
-0.017694,-0.054113
-0.02414,-0.054757
-0.021239,-0.053468
-0.011893,-0.058303
-0.0022237,-0.053791
0.0045444,-0.056047
3.2327e-05,-0.053146
-0.0041575,-0.05508
-0.010281,-0.05508
-0.015438,-0.055402
-0.0067358,-0.056691
0.0093788,-0.055724
0.0022884,-0.058625
-0.0051244,-0.057336
-0.011893,-0.052824
-0.012537,-0.058303
-0.0051244,-0.047022
0.0032553,-0.058303
0.010346,-0.05508
0.010668,-0.060881
0.011957,-0.054435
0.0035775,-0.058625
-0.0031906,-0.057014
0.010023,-0.056369
0.012279,-0.053791
0.0074451,-0.055402
0.0038998,-0.051857
0.0048667,-0.061526
0.017114,-0.052179
0.022593,-0.055724
0.011313,-0.047989
0.014858,-0.058625
0.020659,-0.047989
0.014213,-0.061203
0.0084119,-0.057014
0.0080897,-0.059592
-0.00061226,-0.047667
-0.011893,-0.056369
-0.013504,-0.051212
-0.014471,-0.058303
-0.013182,-0.054757
-0.013826,-0.056691
-0.026718,-0.054435
-0.018338,-0.058947
-0.010281,-0.048634
-0.0031906,-0.053146
3.2327e-05,-0.051535
0.00067691,-0.056369
-0.0054467,-0.05089
-0.018016,-0.060881
-0.015438,-0.056369
-0.0022237,-0.052179
0.0080897,-0.049923
0.00099921,-0.056047
3.2327e-05,-0.053791
-0.0073804,-0.060881
-0.013504,-0.05089
-0.0048021,-0.058947
0.005189,-0.048312
0.0084119,-0.05089
0.0074451,-0.048634
0.0097011,-0.05798
-0.0035129,-0.050568
0.00099921,-0.054435
0.010668,-0.051212
0.0080897,-0.053791
0.0042221,-0.053468
0.0045444,-0.05089
0.0093788,-0.048312
0.021626,-0.060236
0.018081,-0.05798
0.011313,-0.059592
0.024204,-0.054435
0.019692,-0.053146
0.0093788,-0.047989
0.005189,-0.051535
0.010023,-0.048634
0.005189,-0.059592
-0.0070581,-0.051857
-0.015115,-0.056369
-0.017694,-0.051535
-0.012215,-0.051212
-0.024462,-0.053791
-0.02414,-0.053791
-0.014793,-0.054757
-0.0041575,-0.057336
-0.0012568,-0.056691
0.00035462,-0.057336
-0.0012568,-0.052824
-0.010603,-0.051857
-0.017694,-0.048312
-0.0096365,-0.053791
0.010668,-0.051857
0.0032553,-0.060559
-0.008025,-0.049923
-0.0073804,-0.051535
-0.013826,-0.047989
-0.014149,-0.05508
-0.0035129,-0.055724
0.0042221,-0.059592
0.0080897,-0.055724
0.0090565,-0.058625
-0.00061226,-0.048956
-0.0044798,-0.055724
0.0087342,-0.049278
0.015825,-0.058303
0.0077674,-0.056047
0.0048667,-0.057658
0.0048667,-0.054757
0.005189,-0.051857
0.016147,-0.051535
0.018403,-0.057336
0.020981,-0.052179
0.017114,-0.053468
0.013246,-0.058947
0.0068005,-0.054757
0.0048667,-0.052179
0.012602,-0.056369
-0.0015791,-0.052501
-0.014149,-0.054435
-0.010926,-0.050245
-0.010281,-0.052824
-0.0083473,-0.056691
-0.022528,-0.053146
-0.017049,-0.055402
-0.010926,-0.056047
-0.0093142,-0.055402
-0.0038352,-0.054435
0.0038998,-0.057658
0.002933,-0.060881
-0.0093142,-0.053468
-0.01576,-0.049923
-0.0086696,-0.048312
0.0068005,-0.051212
-0.0035129,-0.056691
-0.0089919,-0.056047
-0.0035129,-0.055402
-0.0086696,-0.052824
-0.0083473,-0.056369
-0.0015791,-0.048956
0.0077674,-0.052501
0.0087342,-0.05508
0.0097011,-0.058303
-0.0035129,-0.054435
0.00099921,-0.053146
0.0061559,-0.055724
0.0048667,-0.054113
0.0035775,-0.056691
0.0019661,-0.049601
0.0045444,-0.05508
0.0077674,-0.054757
0.016469,-0.054113
0.020014,-0.053791
0.030328,-0.051535
0.016469,-0.051857
0.014536,-0.054435
0.0071228,-0.057014
0.0035775,-0.053146
0.0061559,-0.059592
-0.00093455,-0.051535
-0.010603,-0.05798
-0.013504,-0.052824
-0.011893,-0.054757
-0.026073,-0.055402
-0.020594,-0.053146
-0.014149,-0.057014
-0.013182,-0.056047
-0.0054467,-0.049601
0.0022884,-0.051212
0.0035775,-0.051212
-0.00061226,-0.055724
-0.013504,-0.056369
-0.017694,-0.057658
0.0045444,-0.052824
0.0068005,-0.058625
-0.0031906,-0.050568
-0.0073804,-0.05927
-0.0048021,-0.052501
-0.0099588,-0.05798
-0.013182,-0.055724
-0.0038352,-0.057014
0.0090565,-0.051212
0.0087342,-0.051857
-0.0041575,-0.047345
-0.0022237,-0.057658
0.0055113,-0.05089
0.0080897,-0.055724
0.0084119,-0.051857
0.0064782,-0.054435
0.0058336,-0.049601
0.0048667,-0.057336
0.0064782,-0.052824
0.021948,-0.056369
0.033551,-0.052501
0.018725,-0.055724
0.0064782,-0.054113
0.005189,-0.053146
0.0068005,-0.052179
0.011313,-0.056691
0.013569,-0.049601
3.2327e-05,-0.056047
-0.0060912,-0.052824
-0.012215,-0.058947
-0.020917,-0.051857
-0.028652,-0.053146
-0.017049,-0.052824
-0.012537,-0.054757
-0.013826,-0.053468
-0.0070581,-0.056691
0.00099921,-0.056369
0.0032553,-0.054435
-0.00028997,-0.047989
-0.010926,-0.054435
-0.0038352,-0.055402
0.0058336,-0.058625
-0.00061226,-0.052824
-0.0048021,-0.057336
-0.0070581,-0.052179
-0.0054467,-0.056691
-0.015115,-0.049278
-0.014471,-0.054113
-0.0031906,-0.054757
0.0074451,-0.061203
0.0074451,-0.054113
-0.0060912,-0.060236
0.0080897,-0.049601
0.012279,-0.056047
0.0071228,-0.054757
0.0074451,-0.058947
0.0038998,-0.052824
0.00067691,-0.060559
0.0064782,-0.054113
0.012279,-0.058625
0.020981,-0.050245
0.031295,-0.049601
0.017436,-0.051535
0.0087342,-0.058625
0.0097011,-0.054757
0.0032553,-0.055402
0.0038998,-0.049923
0.0093788,-0.053146
0.0019661,-0.053468
-0.0089919,-0.05089
-0.013504,-0.049923
-0.028007,-0.055724
-0.02285,-0.05508
-0.015438,-0.054113
-0.010603,-0.055724
-0.0093142,-0.056691
-0.008025,-0.053468
-0.0022237,-0.057014
0.0022884,-0.055402
-0.00061226,-0.056047
-0.013182,-0.051212
0.0019661,-0.056047
0.0019661,-0.052824
-0.0012568,-0.047022
-0.0038352,-0.054113
-0.0067358,-0.052824
-0.0054467,-0.052501
-0.010603,-0.052179
-0.0070581,-0.052179
0.00099921,-0.049278
0.0080897,-0.055724
-0.0057689,-0.05798
-0.0067358,-0.052824
0.0026107,-0.057336
0.0090565,-0.054113
0.010668,-0.054435
0.0093788,-0.050568
0.0055113,-0.05508
0.0045444,-0.054113
0.0022884,-0.051535
0.0071228,-0.056047
0.029039,-0.059592
0.029683,-0.057336
0.014536,-0.055724
0.0080897,-0.050568
0.0084119,-0.055724
0.0080897,-0.053468
0.012924,-0.052179
0.0077674,-0.058625
-0.0038352,-0.052501
-0.011893,-0.056047
-0.018661,-0.053146
-0.02285,-0.056369
-0.016405,-0.052179
-0.0073804,-0.054113
-0.0073804,-0.053468
-0.01157,-0.054113
-0.0051244,-0.049923
0.00099921,-0.050568
-0.00093455,-0.055402
-0.0035129,-0.055402
-0.0038352,-0.053146
-0.0054467,-0.054113
-0.0099588,-0.052501
-0.0051244,-0.055402
-0.0048021,-0.052501
-0.0064135,-0.053791
-0.0044798,-0.048312
-0.011248,-0.056047
-0.011893,-0.054757
-0.0051244,-0.057658
0.0061559,-0.048956
-0.0057689,-0.053791
0.0080897,-0.048312
0.012924,-0.057336
0.0084119,-0.051857
0.0097011,-0.056047
0.010668,-0.056369
0.0055113,-0.054435
0.0045444,-0.048956
0.0071228,-0.056691
0.016147,-0.047345
0.032262,-0.053791
0.020014,-0.054113
0.0087342,-0.054757
0.005189,-0.052501
0.0093788,-0.054757
0.0026107,-0.053146
0.0026107,-0.056691
0.012279,-0.048312
0.00067691,-0.057014
-0.008025,-0.049923
-0.026073,-0.056369
-0.024462,-0.048634
-0.016405,-0.055724
-0.013504,-0.047022
-0.0099588,-0.058625
-0.0086696,-0.050568
-0.0044798,-0.05927
-0.0041575,-0.057658
-0.002546,-0.054113
-0.0038352,-0.049601
-0.00093455,-0.056691
-0.010603,-0.051535
-0.0077027,-0.059592
-0.0012568,-0.052501
-0.002546,-0.05508
-0.0054467,-0.05089
-0.0057689,-0.054435
-0.0077027,-0.047989
-0.002546,-0.054113
0.0048667,-0.050245
-0.0012568,-0.061526
-0.002546,-0.057014
0.00099921,-0.055402
0.010346,-0.051212
0.010668,-0.052501
0.0084119,-0.047989
0.0071228,-0.056691
0.005189,-0.053146
0.0042221,-0.061203
0.0061559,-0.053791
0.030006,-0.058303
0.025171,-0.05089
0.015502,-0.052824
0.0048667,-0.052501
0.0035775,-0.054113
0.0077674,-0.05508
0.0064782,-0.057336
0.0071228,-0.051857
0.0090565,-0.057658
-0.00028997,-0.046056
-0.018338,-0.052824
-0.02414,-0.055402
-0.01995,-0.058625
-0.013182,-0.051857
-0.011893,-0.060236
-0.010603,-0.054435
-0.0089919,-0.054757
-0.0077027,-0.052179
-0.0051244,-0.053146
-0.00093455,-0.054113
0.0090565,-0.060559
-0.00093455,-0.054757
-0.013504,-0.053146
-0.01157,-0.0467
-0.0041575,-0.055402
-0.0073804,-0.052179
-0.0054467,-0.05798
-0.0044798,-0.056047
-0.0077027,-0.059914
-0.0070581,-0.048956
0.0013215,-0.057014
-0.0077027,-0.051535
0.0035775,-0.052824
0.011635,-0.055402
0.010346,-0.053468
0.0084119,-0.056047
0.013891,-0.057336
0.01099,-0.05089
0.0042221,-0.053468
0.002933,-0.052179
0.012279,-0.05508
0.027105,-0.051535
0.024204,-0.05508
0.017114,-0.052501
0.0035775,-0.051857
0.0045444,-0.055402
0.010023,-0.050245
0.0032553,-0.053146
0.0093788,-0.051857
0.011313,-0.054113
-0.0031906,-0.057658
-0.02285,-0.054113
-0.021884,-0.052824
-0.015438,-0.051535
-0.013826,-0.052501
-0.0096365,-0.053791
-0.0099588,-0.054757
-0.008025,-0.056047
-0.0028683,-0.054757
-0.0035129,-0.054113
0.0035775,-0.048634
0.012279,-0.048634
-0.0060912,-0.052179
-0.017694,-0.059592
-0.0089919,-0.056369
-0.0022237,-0.053468
-0.0044798,-0.057014
-0.0035129,-0.053468
-0.0093142,-0.048956
-0.011248,-0.052501
-0.010603,-0.056369
-0.013826,-0.055724
-0.00093455,-0.052824
0.005189,-0.054113
0.010346,-0.051535
0.011635,-0.052824
0.01099,-0.051535
0.01099,-0.057014
0.0084119,-0.054435
0.0035775,-0.055402
0.00067691,-0.050245
0.016469,-0.051212
0.020981,-0.048312
0.020659,-0.05508
0.012924,-0.055724
0.005189,-0.057658
0.0055113,-0.052824
0.011313,-0.057336
0.0080897,-0.05508
0.0097011,-0.055402
0.0087342,-0.049278
-0.013182,-0.057658
-0.020917,-0.048634
-0.015438,-0.055402
-0.010603,-0.051535
-0.014471,-0.058303
-0.010926,-0.05089
-0.010926,-0.052824
-0.0064135,-0.048956
-0.0015791,-0.054757
-0.00061226,-0.056047
0.014213,-0.05508
0.0084119,-0.051535
-0.010926,-0.059592
-0.017694,-0.052824
-0.0089919,-0.059592
-0.00093455,-0.049601
-0.0019014,-0.05798
-0.0060912,-0.050568
-0.0086696,-0.054435
-0.011893,-0.050568
-0.013504,-0.057658
-0.011248,-0.049278
0.0019661,-0.052824
0.0084119,-0.051212
0.012602,-0.057014
0.012279,-0.053791
0.0058336,-0.058625
0.0071228,-0.053468
0.0064782,-0.056691
0.0032553,-0.044122
0.01099,-0.057336
0.017436,-0.05089
0.019692,-0.061848
0.014536,-0.054435
0.010346,-0.056369
0.0058336,-0.051857
0.010668,-0.051857
0.011957,-0.051857
0.0055113,-0.060559
0.011635,-0.056691
0.0084119,-0.05508
-0.019305,-0.054113
-0.019628,-0.054757
-0.014793,-0.046378
-0.012537,-0.054757
-0.013826,-0.053791
-0.0096365,-0.056047
-0.0086696,-0.051857
-0.0093142,-0.05798
-0.0060912,-0.049923
-0.00093455,-0.058303
0.01518,-0.048956
0.0055113,-0.058303
-0.013182,-0.055402
-0.019628,-0.057658
-0.0089919,-0.051212
3.2327e-05,-0.057658
-0.0044798,-0.047667
-0.0064135,-0.05089
-0.0048021,-0.052501
-0.010926,-0.056369
-0.022528,-0.056369
-0.0089919,-0.055402
0.0061559,-0.053468
0.0087342,-0.051212
0.013569,-0.047667
0.012279,-0.057014
0.010023,-0.053146
0.012279,-0.059592
0.010346,-0.056369
0.0045444,-0.05798
0.019692,-0.054435
0.01099,-0.056047
0.015825,-0.049278
0.016147,-0.052824
0.010668,-0.051212
0.0045444,-0.055724
0.0080897,-0.052824
0.0087342,-0.056691
0.0055113,-0.048312
0.0080897,-0.055402
-0.0070581,-0.054113
-0.017371,-0.05508
-0.013182,-0.052824
-0.013826,-0.056369
-0.014471,-0.049601
-0.01576,-0.055402
-0.0096365,-0.050245
-0.0093142,-0.052501
-0.0096365,-0.051535
-0.0012568,-0.055402
0.013246,-0.052501
0.0093788,-0.059592
0.00035462,-0.051535
-0.010603,-0.048956
-0.015438,-0.050245
-0.0099588,-0.053146
-0.0041575,-0.055402
-0.0064135,-0.055724
-0.0022237,-0.056691
-0.002546,-0.05798
-0.019305,-0.052501
-0.021561,-0.051212
-0.0054467,-0.055724
0.0080897,-0.060236
0.0071228,-0.055402
0.0080897,-0.052501
0.012602,-0.057658
0.0087342,-0.050568
0.0097011,-0.051535
0.0087342,-0.056369
0.01518,-0.058303
0.018403,-0.055402
0.010023,-0.054435
0.014858,-0.051857
0.018403,-0.05508
0.011957,-0.051857
0.0045444,-0.050568
0.0064782,-0.056369
0.0093788,-0.054113
0.0022884,-0.051535
0.0090565,-0.053146
-0.0028683,-0.053791
-0.010926,-0.051212
-0.013182,-0.05089
